Depth	Age	Lakewater
0.01	0	-4.06
0.03	-0.027	-3.85
0.05	-0.055	-3.83
0.07	-0.082	-3.82
0.09	-0.109	-3.86
0.11	-0.137	-3.93
0.13	-0.164	-3.72
0.15	-0.192	-3.82
0.17	-0.22	-3.86
0.19	-0.247	-3.86
0.21	-0.275	-3.9
0.23	-0.303	-4.15
0.25	-0.33	-4.27
0.27	-0.358	-4.03
0.29	-0.386	-4.16
0.31	-0.414	-3.85
0.33	-0.442	-3.72
0.35	-0.47	-3.79
0.37	-0.497	-3.77
0.39	-0.525	-3.66
0.41	-0.553	-3.78
0.43	-0.58	-3.7
0.45	-0.608	-3.73
0.47	-0.636	-3.83
0.49	-0.663	-3.61
0.51	-0.69	-3.52
0.53	-0.717	-3.61
0.55	-0.744	-3.55
0.57	-0.771	-3.93
0.59	-0.798	-3.81
0.61	-0.825	-3.56
0.63	-0.851	-3.72
0.65	-0.878	-3.84
0.67	-0.904	-3.69
0.69	-0.929	-3.84
0.71	-0.955	-3.65
0.73	-0.981	-3.7
0.75	-1.006	-3.82
0.77	-1.031	-3.65
0.79	-1.056	-3.7
0.81	-1.08	-3.84
0.83	-1.104	-3.83
0.85	-1.128	-3.66
0.87	-1.152	-3.82
0.89	-1.175	-3.72
0.91	-1.198	-3.79
0.93	-1.221	-3.92
0.95	-1.243	-3.78
0.97	-1.265	-3.99
0.99	-1.287	-4
1.01	-1.308	-3.97
1.03	-1.329	-4.1
1.05	-1.349	-4.05
1.07	-1.369	-3.95
1.09	-1.389	-4.01
1.11	-1.408	-3.97
1.13	-1.427	-4
1.15	-1.446	-4.04
1.17	-1.464	-4.04
1.19	-1.481	-4.12
1.23	-1.515	-3.96
1.25	-1.531	-4.1
1.27	-1.546	-4.16
1.29	-1.561	-4.17
1.31	-1.576	-4.07
1.33	-1.59	-4.15
1.35	-1.604	-4.07
1.37	-1.618	-4.23
1.39	-1.631	-4.29
1.41	-1.643	-4.28
1.43	-1.656	-4.17
1.45	-1.668	-4.41
1.47	-1.68	-4.8
1.49	-1.692	-4.66
1.51	-1.703	-4.19
1.53	-1.714	-4.06
1.55	-1.725	-3.99
1.57	-1.736	-4.15
1.59	-1.747	-4.14
1.61	-1.757	-4.15
1.63	-1.768	-4.38
1.65	-1.778	-4.08
1.67	-1.788	-4.02
1.69	-1.798	-4.04
1.71	-1.808	-4.15
1.73	-1.818	-4.1
1.75	-1.828	-4.11
1.77	-1.838	-3.97
1.79	-1.848	-4.01
1.81	-1.858	-4.16
1.83	-1.868	-4.12
1.85	-1.878	-4.47
1.87	-1.888	-4.17
1.89	-1.898	-4.28
1.91	-1.909	-4.15
1.93	-1.919	-4.21
1.95	-1.93	-4
1.97	-1.941	-4.25
1.99	-1.952	-4.19
2	-1.957	-4.16
2.02	-1.969	-3.98
2.04	-1.981	-3.51
2.06	-1.992	-4.08
2.08	-2.005	-4.07
2.1	-2.017	-3.91
2.13	-2.036	-4.24
2.15	-2.05	-4.4
2.17	-2.063	-4.13
2.19	-2.077	-4.09
2.21	-2.092	-3.96
2.23	-2.107	-4
2.25	-2.122	-4.1
2.27	-2.138	-4.21
2.29	-2.154	-4.1
2.31	-2.171	-4.1
2.33	-2.188	-4.23
2.35	-2.206	-4.38
2.37	-2.224	-4.16
2.39	-2.243	-4.32
2.41	-2.263	-4.55
2.43	-2.283	-4.41
2.45	-2.303	-4.33
2.47	-2.324	-4.54
2.49	-2.346	-4.51
2.51	-2.369	-4.44
2.53	-2.392	-4.54
2.55	-2.416	-4.5
2.57	-2.44	-4.32
2.59	-2.465	-4.38
2.61	-2.491	-4.36
2.63	-2.517	-4.27
2.65	-2.544	-4.21
2.67	-2.572	-4.12
2.69	-2.6	-4.15
2.71	-2.629	-4.18
2.73	-2.658	-4.17
2.75	-2.689	-4.12
2.77	-2.72	-4.17
2.79	-2.752	-4.3
2.81	-2.784	-4.4
2.83	-2.817	-4.58
2.85	-2.851	-4.62
2.87	-2.885	-4.61
2.89	-2.921	-4.62
2.91	-2.957	-4.64
2.93	-2.993	-4.63
2.95	-3.031	-4.6
2.97	-3.069	-4.54
2.99	-3.108	-4.66
3.01	-3.148	-4.69
3.03	-3.188	-4.71
3.05	-3.229	-4.7
3.07	-3.271	-4.83
3.09	-3.314	-4.65
3.11	-3.358	-4.62
3.13	-3.402	-4.67
3.15	-3.447	-4.56
3.17	-3.493	-4.44
3.19	-3.54	-4.44
3.21	-3.587	-4.51
3.23	-3.635	-4.56
3.25	-3.684	-4.53
3.27	-3.734	-4.51
3.29	-3.785	-4.51
3.31	-3.837	-4.58
3.33	-3.889	-4.56
3.35	-3.943	-4.47
3.37	-3.999	-4.54
3.39	-4.055	-4.63
3.41	-4.113	-4.61
3.45	-4.232	-4.66
3.47	-4.294	-4.64
3.49	-4.357	-4.5
3.51	-4.421	-4.62
3.53	-4.487	-4.62
3.55	-4.554	-4.71
3.57	-4.622	-4.71
3.59	-4.692	-4.8
3.61	-4.764	-4.6
3.63	-4.837	-4.54
3.65	-4.911	-4.08
3.67	-4.987	-4.51
3.69	-5.065	-4.6
3.71	-5.144	-4.56
3.73	-5.224	-4.51
3.75	-5.306	-4.64
3.77	-5.389	-4.68
3.79	-5.473	-4.87
3.81	-5.558	-4.98
3.83	-5.644	-4.88
3.85	-5.731	-5.07
3.87	-5.818	-4.97
3.89	-5.906	-5.11
3.91	-5.994	-5.15
3.93	-6.082	-5.21
3.95	-6.171	-5.02
3.97	-6.26	-5.14
3.99	-6.349	-5.22
4.01	-6.437	-5.3
4.03	-6.526	-5.23
4.05	-6.614	-5.4
4.07	-6.701	-5.47
4.09	-6.788	-5.32
4.11	-6.875	-5.34
4.15	-7.045	-5.38
4.17	-7.129	-5.27
4.19	-7.212	-5.23
4.21	-7.293	-5.23
4.23	-7.373	-4.98
4.25	-7.452	-5.01
4.27	-7.529	-5.04
4.29	-7.605	-5.11
4.31	-7.679	-5.18
4.33	-7.751	-5.31
4.35	-7.821	-5.28
4.37	-7.889	-5.33
4.39	-7.954	-5.07
4.41	-8.018	-5.23
4.43	-8.079	-5.39
4.45	-8.137	-5.23
4.47	-8.193	-5.32
4.49	-8.246	-5.31
4.51	-8.297	-5.49
4.53	-8.344	-5.45
4.55	-8.389	-5.4
4.57	-8.432	-5.45
4.59	-8.472	-5.43
4.61	-8.51	-5.6
4.63	-8.546	-5.35
4.65	-8.58	-5.26
4.67	-8.612	-5.31
4.69	-8.642	-5.3
4.71	-8.671	-5.45
4.73	-8.698	-5.62
4.75	-8.723	-5.72
4.77	-8.748	-5.6
4.79	-8.771	-5.52
4.81	-8.793	-5.39
4.83	-8.814	-5.53
4.85	-8.835	-4.9
4.87	-8.855	-4.86
4.89	-8.874	-5.35
4.91	-8.893	-5.59
4.93	-8.911	-6
4.95	-8.929	-5.86
4.97	-8.947	-3.92
5.05	-9.022	-4.32
5.07	-9.041	-4.65
5.09	-9.061	-4.47
5.11	-9.081	-4.99
5.13	-9.102	-5.78
5.15	-9.123	-5.65
5.17	-9.144	-4.51
5.69	-9.775	-3.4
5.71	-9.801	-4.69
5.73	-9.827	-4.01
5.75	-9.853	-4.31
5.77	-9.879	-3.47
5.79	-9.905	-3.32
5.81	-9.931	-3.81
5.83	-9.957	-4.69
5.85	-9.983	-4.75
5.87	-10.009	-3.99
5.89	-10.035	-4.35
5.91	-10.061	-4.56
5.935	-10.093	-4.45
5.975	-10.144	-2.31
5.995	-10.169	-2.21
6.015	-10.194	-3.58
6.07	-10.264	-4.9
6.23	-16.8302	-7.85
13.87	-33.3889	-7.76
14.99	-36.4615	-8.46
16.27	-39.2524	-7.96
16.43	-39.48615	-8.92
17.23	-40.5473	-9.07
17.71	-41.5375	-7.39
19.63	-46.0366	-7.52
19.79	-46.44085	-7.67
20.27	-47.649	-7.12
23.15	-56.16105	-6.61
25.07	-62.03465	-7.65
26.51	-65.56355	-7.52
27.79	-69.047	-6.58
28.27	-70.33185	-6.99
28.43	-70.7599	-6.74
28.59	-71.18815	-6.88
28.75	-71.6122	-7.1
30.03	-75.0044	-7.04
30.19	-75.4045	-6.7
30.35	-75.80565	-9.16
30.51	-76.20125	-6.61
31.79	-79.196	-9.35
31.95	-79.5348	-8.23
32.43	-80.54485	-1.77
32.59	-80.87775	-3.92
32.75	-81.2155	-3.58
32.91	-81.56275	-4.35
33.07	-81.8998	-4.47
33.23	-82.2367	-4.93
33.39	-82.58285	-5.29
33.55	-82.9296	-4.53
33.71	-83.2674	-4.61
33.87	-83.6042	-4.69
34.03	-83.97765	-4.57
34.19	-84.36715	-4.42
34.35	-84.76815	-4.4
34.51	-85.17155	-4.53
34.67	-85.57615	-4.2
34.83	-85.9804	-3.42
34.99	-86.38485	-3.35
35.15	-86.7925	-3.18
35.31	-87.1898	-3.11
35.47	-87.6003	-2.77
35.63	-88.00535	-2.14
36.11	-89.25885	-3.48
36.27	-89.6662	-4.47
36.43	-90.084	-4.43
36.59	-90.5196	-5.49
36.75	-91.04005	-5.32
36.91	-91.56205	-5.11
37.07	-92.0829	-3.89
37.23	-92.6063	-3.16
37.39	-93.1293	-3.22
37.55	-93.65285	-5.53
37.71	-94.1788	-4.38
37.87	-94.6863	-4.44
38.03	-95.1053	-3.81
38.19	-95.5252	-3.83
38.35	-95.9476	-3.97
38.51	-96.3614	-5.03
38.67	-96.78375	-4.4
38.83	-97.21385	-4.98
38.99	-97.6264	-4.8
39.15	-98.0382	-3.62
39.31	-98.4785	-4.69
39.47	-98.91525	-4.67
39.62	-99.3242	-4.54
39.79	-99.79165	-3.94
39.95	-100.23025	-4.7
40.11	-100.67275	-4.8
40.27	-101.1139	-4.99
40.43	-101.5547	-4.23
40.59	-101.9166	-5.56
40.75	-102.2676	-5.75
40.91	-102.6243	-4.92
41.07	-102.9788	-4.59
41.23	-103.3274	-4.8
41.39	-103.6874	-4.09
41.55	-104.03795	-3.59
41.71	-104.3903	-4.78
41.87	-104.745	-5.11
42.03	-105.10195	-5.39
42.19	-105.4634	-5.41
42.35	-105.8263	-5.1
42.51	-106.19065	-4.76
42.67	-106.5515	-5
42.83	-106.9183	-4.07
42.99	-107.28075	-3.47
43.15	-107.74685	-2.18
43.31	-108.26875	-3.25
43.47	-108.7978	-2.87
43.63	-109.3262	-3.9
43.79	-109.8521	-3.32
43.95	-110.374	-3.67
44.11	-110.89445	-4.05
44.27	-111.41755	-3.81
44.43	-111.9847	-3.91
44.59	-112.60695	-3.85
44.75	-113.2272	-4.12
44.91	-113.84205	-3.74
45.07	-114.45335	-4.42
45.23	-115.0729	-4.24
45.39	-115.68635	-4.16
45.55	-116.2999	-4.3
45.71	-116.93145	-4.37
45.87	-117.5965	-3.78
46.03	-118.2741	-2.6
46.19	-118.95695	-3.82
46.35	-119.6356	-4.15
46.51	-120.3088	-3.98
46.67	-120.97835	-3.84
46.83	-121.6387	-3.44
46.99	-122.29075	-3.49
47.15	-122.93015	-3.61
47.31	-123.58165	-4.46
47.47	-124.2302	-4.91
47.62	-124.8438	-4.95
47.79	-125.5389	-4.61
47.95	-126.19555	-4.44
48.11	-126.85895	-4.63
48.27	-127.49935	-4.63
48.58	-128.5892	-2.87
48.75	-129.18805	-3.27
48.91	-129.7491	-3.15
49.07	-130.31445	-3.04
49.23	-130.87765	-2.28
49.39	-131.44265	-1.76
50.67	-135.37915	-6.61
51.15	-136.7294	-7.46
51.95	-138.91755	-8.24
52.43	-140.18325	-9.53
53.05	-141.81955	-6.16
54.03	-144.3748	-8.88
54.17	-144.7371	-6.85
56.91	-151.27805	-7.88
58.51	-154.77425	-6.77
58.67	-155.1083	-6.53
59.31	-155.9085	-7.35
60.11	-156.88215	-7.63
60.27	-157.05425	-7.79
60.75	-157.5916	-7.5
61.39	-158.31055	-8.77
62.35	-159.4586	-7.83
63.63	-161.165	-6.77
64.43	-162.26125	-7.53
65.23	-163.3721	-9.28
65.87	-164.3747	-9.49
68.11	-167.81605	-8.19
68.75	-168.76855	-8.64
69.07	-169.2405	-8.17
70.35	-171.06235	-8.55
70.51	-171.27055	-8.36
71.15	-172.15965	-8.89
71.31	-172.37985	-8.4
71.47	-172.60685	-8.68
71.63	-172.8293	-9.62
72.59	-174.2874	-7.94
72.91	-174.7837	-9.09
73.39	-175.45855	-9.41
74.03	-176.3753	-9.01
75.47	-178.23755	-6.61
75.95	-178.87145	-8.2
76.43	-179.513	-7.11
76.75	-179.93555	-8.95
79.79	-184.65405	-7.01
81.39	-187.0456	-7.03
84.59	-191.99575	-6.68
87.63	-196.96905	-2.85
87.79	-197.28775	-3.37
87.95	-197.6049	-5.22
88.11	-197.91425	-5.46
88.27	-198.2315	-5.5
88.43	-198.55195	-5.31
88.59	-198.8571	-4.8
88.75	-199.13565	-3.89
88.91	-199.4142	-4.2
89.07	-199.69495	-4.39
89.23	-199.97505	-5.61
89.39	-200.24835	-5.26
89.55	-200.53475	-5.09
89.71	-200.80775	-4.94
89.87	-201.08675	-4.25
90.03	-201.3574	-5.23
90.19	-201.6211	-5.83
90.35	-201.8892	-5.52
90.51	-202.15925	-5.85
90.67	-202.4313	-5.8
90.83	-202.70185	-5.96
90.99	-202.97095	-4.74
91.15	-203.2414	-4.77
91.31	-203.52945	-5.47
91.47	-203.82685	-5.01
91.63	-204.1151	-4.19
91.79	-204.4038	-3.84
91.95	-204.69755	-3.89
92.11	-204.992	-4.1
92.27	-205.29295	-4.5
92.43	-205.5799	-4.98
92.59	-206.1052	-4.88
92.75	-206.6666	-4.77
92.91	-207.2228	-5.43
93.07	-207.7762	-4.69
93.23	-208.3335	-5.09
93.39	-208.88755	-4.88
93.55	-209.4367	-4.65
93.71	-209.98665	-5.02
93.87	-210.4645	-5.5
94.03	-210.91215	-4.37
94.19	-211.36655	-4.27
94.35	-211.80895	-4.82
94.51	-212.25745	-4.65
94.67	-212.707	-4.48
94.83	-213.15215	-4.97
94.99	-213.60565	-4.62
95.15	-214.11995	-5.51
95.31	-214.69655	-4.61
95.47	-215.262	-4.73
95.63	-215.83	-4.71
95.79	-216.40255	-5.19
95.96	-217.0072	-5.74
96.11	-217.5321	-5.71
96.27	-218.0837	-5.86
103.15	-235.8805	-4.7
103.31	-236.20655	-4.65
103.47	-236.51855	-5.06
103.63	-236.8427	-5.03
103.79	-237.1628	-5.14
103.95	-237.48195	-4.81
104.11	-237.7998	-5.05
104.27	-238.15725	-4.62
104.43	-238.5312	-5.39
104.59	-238.89825	-5.03
104.75	-239.26705	-5.49
104.9	-239.6046	-5.3
105.07	-239.9861	-5.23
105.23	-240.35005	-5.38
105.39	-240.7127	-5.5
105.55	-241.02585	-5.68
105.71	-241.32175	-5.72
105.87	-241.61035	-5.9
106.51	-242.80545	-7.41
113.71	-260.07335	-6.3
118.83	-273.55205	-6.11
121.07	-278.57965	-6.41
124.43	-286.28235	-6.29
124.59	-286.71635	-5.18
124.75	-287.14585	-5.52
124.91	-287.5801	-5.75
125.07	-288.0089	-6.05
125.23	-288.4365	-6.13
125.39	-288.8618	-6.01
125.55	-289.28545	-6.25
125.71	-289.71075	-6.17
125.87	-290.13465	-6
126.03	-290.5524	-6.21
126.19	-290.96615	-6.35
126.35	-291.3565	-6.13
126.51	-291.7247	-6.16
126.67	-292.10125	-6.48
126.83	-292.4742	-6.14
128.59	-296.63245	-6.16
134.19	-307.43015	-5.24
134.35	-307.76175	-5.8
134.51	-308.0942	-5.7
134.66	-308.4025	-5.34
134.83	-308.75555	-5.25
134.99	-309.08065	-5.89
135.15	-309.4116	-4.78
135.79	-310.62165	-6.84
135.95	-310.9071	-6.26
136.12	-311.21735	-6.77
136.27	-311.4806	-6.33
136.43	-311.77455	-6.15
136.59	-312.0641	-5.96
136.75	-312.35545	-5.96
136.91	-312.6569	-5.85
137.07	-312.95835	-6.13
137.23	-313.25785	-6.14
137.39	-313.56065	-5.96
137.55	-313.8567	-6.07
137.71	-314.16345	-6.15
137.87	-314.46365	-6.13
138.03	-314.76275	-6.22
138.19	-315.0649	-5.71
138.35	-315.3717	-5.96
138.51	-315.68395	-5.15
138.67	-315.9959	-5.27
138.83	-316.3031	-4.88
138.99	-316.6112	-5.62
139.15	-316.91885	-4.73
139.31	-317.2494	-4.6
139.46	-317.59765	-5.5
139.63	-317.9889	-5.18
139.79	-318.3591	-5.07
139.95	-318.73285	-4.18
140.27	-319.48555	-3.91
140.43	-319.85585	-2.62
140.75	-320.62165	-2.69
140.91	-321.0116	-5.66
141.07	-321.4072	-5.43
141.23	-321.79765	-5.89
141.39	-322.18325	-4.4
141.55	-322.57545	-4.7
141.71	-322.9683	-5.03
141.87	-323.3653	-5.03
142.03	-323.82775	-4.73
142.19	-324.28965	-4.99
142.35	-324.75385	-4.31
142.51	-325.2132	-4.85
142.67	-325.66485	-4.39
142.83	-326.1176	-3.88
142.99	-326.56855	-3.97
143.15	-327.01535	-3.92
143.31	-327.5073	-4.81
143.47	-327.9855	-5.12
143.63	-328.4736	-5.55
143.79	-328.9673	-5.62
143.95	-329.454	-5.73
144.11	-329.93925	-5.32
144.27	-330.42695	-5.03
144.43	-330.91875	-4.36
144.59	-331.39635	-4.76
144.75	-331.88715	-5.27
144.91	-332.3643	-5.96
145.07	-332.8423	-6.38
145.39	-333.8121	-6.2
145.55	-334.2876	-5.84
145.87	-335.2702	-6.35
147.15	-339.3434	-5.84
152.91	-358.21055	-6.03
155.47	-366.25825	-5.38
158.19	-375.2954	-4.49
159.47	-381.50295	-6.52
159.63	-382.3495	-5.23
160.11	-384.86595	-6.45
160.27	-385.6031	-7.14
160.59	-387.09385	-6.69
160.75	-387.841	-6.02
160.91	-388.59775	-5.96
161.07	-389.3464	-6.02
161.23	-390.1082	-6.59
161.39	-390.81085	-6.88
161.55	-391.35585	-5.87
162.19	-393.5424	-4.5
162.99	-395.78325	-6.89
163.15	-396.1117	-6.07
163.31	-396.43445	-6.41
163.47	-396.75735	-5.09
163.63	-397.0735	-4.62
163.79	-397.39355	-5.22
164.11	-398.08495	-5.27
164.27	-398.4591	-4.93
164.43	-398.8339	-5.17
164.59	-399.21495	-5.95
164.75	-399.58975	-5.89
164.91	-399.9663	-5.63
165.55	-401.5419	-4.47
165.71	-401.95085	-6.01
165.87	-402.36755	-6.31
166.03	-402.7695	-6.25
166.19	-403.17765	-6.05
166.35	-403.5865	-5.63
166.51	-403.9978	-5.81
166.67	-404.496	-5.13
166.83	-405.0244	-4.17
167.79	-408.25975	-4.32
167.95	-408.6852	-3.74
168.11	-409.05175	-5.56
168.27	-409.41975	-4.67
168.43	-409.7908	-4.2
168.59	-410.16675	-4.3
168.75	-410.5428	-3.78
168.91	-410.9239	-3.83
169.07	-411.3001	-3.53
169.23	-411.7322	-4.13
169.39	-412.21305	-3.6
169.55	-412.69975	-3.66
169.71	-413.18695	-3.67
169.87	-413.6736	-4.05
170.03	-414.16015	-4.67
170.19	-414.6485	-3.89
170.35	-415.13255	-4.18
170.51	-415.5743	-4.2
170.67	-415.96885	-4.51
170.83	-416.36185	-4.15
170.99	-416.7494	-4.98
171.15	-417.13645	-4.83
171.31	-417.52195	-4.64
171.47	-417.91265	-4.63
171.63	-418.2996	-4.86
171.79	-418.71425	-4.8
171.95	-419.20655	-4.68
172.11	-419.70805	-4.37
172.27	-420.21275	-4.26
172.43	-420.7132	-3.91
172.59	-421.20705	-3.84
172.75	-421.7098	-3.77
172.91	-422.20735	-4.46
173.07	-422.6839	-4.48
173.23	-423.1112	-4.59
173.39	-423.5314	-4.16
173.55	-423.95295	-4.89
173.71	-424.37395	-4.44
173.87	-424.79225	-4.59
174.03	-425.2159	-5.28
174.19	-425.644	-5.44
174.35	-426.0682	-4.83
175.95	-430.87545	-5.15
178.35	-441.30195	-5.58
180.27	-449.43795	-5.89
181.07	-452.5985	-6.49
186.99	-470.57495	-6.13
188.43	-473.7622	-4.42
188.75	-474.47235	-3.32
188.91	-474.8409	-4.42
189.07	-475.21015	-4.01
189.23	-475.58765	-3.93
190.51	-478.6172	-3.5
190.67	-479.0058	-3.87
190.83	-479.39735	-4.43
190.99	-479.7858	-4.64
191.15	-480.1774	-4.9
191.31	-480.5247	-5.58
191.47	-480.8448	-5.78
191.63	-481.1385	-4.63
191.79	-481.4401	-2.15
191.95	-481.74835	-4.28
192.11	-482.0485	-4.67
192.27	-482.35415	-4.74
192.43	-482.6582	-4.85
192.59	-482.9697	-4.94
192.75	-483.36555	-4.97
192.91	-483.74375	-5.56
193.07	-484.1295	-5.31
193.23	-484.51065	-5.69
193.39	-484.89575	-5.52
193.55	-485.28425	-4.85
193.71	-485.66515	-4.79
193.87	-486.04705	-4.88
194.03	-486.4407	-4.79
194.19	-486.82665	-5.6
194.35	-487.2209	-4.04
194.51	-487.6098	-4.72
194.67	-487.99245	-4.82
194.83	-488.37875	-5.31
194.99	-488.75735	-4.38
195.15	-489.14075	-4.57
195.31	-489.573	-5.15
195.47	-490.00255	-4.93
195.63	-490.4421	-4.88
195.79	-490.88065	-4.28
195.95	-491.3261	-4.41
196.11	-491.77025	-4.08
196.27	-492.19595	-4.94
196.43	-492.62375	-5.04
196.59	-493.23035	-4.54
196.75	-493.86375	-4.6
196.91	-494.49415	-4.26
197.07	-495.12975	-4.98
197.23	-495.7652	-4.55
197.39	-496.39585	-4.58
197.55	-497.0151	-5.3
197.71	-497.639	-5.53
197.87	-498.285	-5.04
198.03	-498.9346	-5.37
198.19	-499.5791	-4.66
198.35	-500.23075	-4.26
198.51	-500.877	-4.48
198.67	-501.5299	-4.93
198.83	-502.18295	-4.96
198.99	-502.8309	-4.72
199.15	-503.6783	-4.93
199.31	-504.63	-4.78
199.47	-505.58365	-4.05
199.63	-506.547	-4.81
199.79	-507.50365	-4.73
199.95	-508.4658	-4.92
200.11	-509.4285	-5.62
200.27	-510.3913	-5.67
200.43	-511.17615	-5.39
200.59	-511.8025	-4.8
200.75	-512.42375	-5.81
200.91	-513.0525	-6.17
201.07	-513.68165	-5.59
201.23	-514.31115	-6.82
201.39	-514.93715	-6.35
201.55	-515.5703	-6.45
201.87	-516.66345	-5.36
202.03	-517.1798	-5.53
202.19	-517.6994	-5.28
202.83	-519.75345	-5.64
202.99	-520.28325	-4.73
203.15	-520.8651	-5
203.31	-521.44665	-5.56
203.47	-522.02395	-5.16
203.63	-522.60045	-5.53
203.79	-523.19415	-4.77
203.95	-523.78255	-4.42
204.11	-524.3659	-4.44
204.27	-524.94795	-4.14
204.43	-525.5389	-4.55
204.59	-526.12985	-5.06
204.82	-526.9872	-4.87
204.91	-527.31965	-5.11
205.07	-527.91965	-5.26
205.23	-528.51715	-4.29
205.39	-529.1048	-5.2
205.55	-529.69885	-4.37
205.71	-530.05105	-6.22
205.87	-530.4084	-5.23
206.03	-530.76485	-6.03
206.19	-531.1238	-5.21
206.35	-531.488	-5.57
206.51	-531.8524	-6.39
206.67	-532.209	-6.1
206.83	-532.56985	-5.96
206.99	-532.85655	-5.88
207.15	-533.14995	-5.46
207.31	-533.43385	-4.66
208.11	-534.8724	-7.82
209.55	-537.7978	-7.93
209.71	-538.4114	-7.13
210.03	-539.63835	-4.1
210.19	-540.23915	-5.03
210.35	-540.85055	-4.54
210.51	-541.4496	-4.72
210.67	-542.06175	-5.62
210.83	-542.60595	-5.42
210.99	-543.10225	-5.58
211.15	-543.61025	-5.55
211.32	-544.1272	-6.08
211.47	-544.6044	-5.44
211.63	-545.1025	-5.67
211.79	-545.60625	-5.03
211.95	-546.1082	-6.18
212.11	-546.622	-4.01
212.27	-547.15765	-3.94
212.43	-547.69605	-4.34
212.59	-548.24255	-4.73
212.75	-548.7871	-3.93
212.91	-549.32675	-3.67
213.07	-549.8592	-5.06
213.23	-550.39945	-4.87
213.39	-550.92305	-4.97
213.55	-551.427	-5.39
213.71	-551.95075	-4.57
213.87	-552.4734	-5.14
214.03	-552.9969	-4.56
214.19	-553.5221	-4.84
214.35	-554.04025	-4.02
214.51	-554.5663	-5.12
214.67	-555.07305	-5.79
214.83	-555.55185	-5.02
214.99	-556.02435	-5.48
215.15	-556.48975	-4.97
215.31	-556.96775	-4.8
215.47	-557.4369	-5.13
215.63	-557.90385	-5.01
215.79	-558.37905	-5.82
215.95	-559.03995	-6.28
216.11	-559.28565	-6.22
216.27	-559.7229	-6.72
216.43	-560.1673	-6.05
216.59	-560.61935	-4.78
216.75	-561.0679	-4.06
216.91	-561.5077	-4.85
217.07	-561.9498	-4.7
217.23	-562.37925	-5.07
217.39	-562.73415	-4.92
217.55	-563.07465	-5.54
217.71	-563.41775	-5.38
217.87	-563.7593	-5.43
218.03	-564.10265	-5.39
218.19	-564.4442	-4.89
218.35	-564.7746	-4.24
218.51	-565.1024	-5.33
218.67	-565.42795	-5.24
218.83	-565.7554	-4.41
218.99	-566.0885	-4.75
219.15	-566.42	-5.04
219.31	-566.74525	-4.91
219.47	-567.07045	-3.99
219.63	-567.39395	-2.84
219.79	-567.71365	-4.56
219.95	-568.052	-4.54
220.11	-568.4009	-5.1
220.27	-568.74265	-6.27
220.43	-569.09265	-5.51
220.59	-569.4432	-3.67
220.75	-569.7897	-5.83
220.91	-570.1373	-5.65
221.07	-570.47795	-5.74
221.23	-570.84265	-5.44
221.39	-571.1993	-5.34
221.55	-571.5694	-5.34
221.71	-571.9412	-5.37
222.03	-572.67605	-5.17
222.19	-573.05405	-5.37
222.35	-573.41525	-5.15
222.51	-573.78985	-5.64
222.67	-574.15015	-5.42
222.83	-574.52705	-5.33
222.99	-574.8886	-5.2
223.15	-575.2536	-5.35
223.31	-575.618	-5.94
223.47	-575.98895	-5.7
223.63	-576.3543	-6.09
223.79	-576.71055	-6.02
223.95	-577.06965	-5.3
224.11	-577.4314	-5.94
224.27	-577.79305	-6.25
224.43	-578.1673	-5.54
224.59	-578.5267	-4.37
224.75	-578.8938	-4.12
224.91	-579.25365	-4.53
225.07	-579.6153	-5.41
225.23	-579.9381	-5.47
225.39	-580.26465	-5.46
225.55	-580.59365	-5.25
225.71	-580.9183	-5.11
225.87	-581.24335	-4.13
226.03	-581.57255	-5.31
226.19	-581.89535	-4.19
226.35	-582.2212	-4.72
226.51	-582.5557	-4.77
226.67	-582.8992	-4.59
226.99	-583.5847	-3.6
227.15	-583.9289	-3.35
227.31	-584.2766	-3.75
227.47	-584.61625	-4.58
227.63	-584.9619	-3.49
227.79	-585.38045	-4.69
227.95	-585.81895	-4.69
228.11	-586.2534	-4.59
228.27	-586.69265	-4.71
228.43	-587.13365	-4.74
228.59	-587.5664	-4.68
228.75	-588.0022	-4.76
228.91	-588.4251	-5.59
229.07	-588.8264	-5.08
229.23	-589.2035	-5.93
229.55	-589.97775	-5.54
229.71	-590.3667	-5.43
229.87	-590.74765	-4.59
230.03	-591.13035	-4.55
230.18	-591.4877	-5.41
230.35	-591.9272	-4.7
230.51	-592.35485	-4.13
230.67	-592.7845	-4.72
230.83	-593.21825	-5.6
230.99	-593.65765	-5.75
231.15	-594.0975	-5.6
231.31	-594.52335	-5.13
231.47	-594.951	-5.42
231.64	-595.4854	-5.43
231.79	-595.92235	-4.74
231.95	-596.4353	-4.5
232.11	-596.94565	-4.83
232.27	-597.45335	-4.44
232.43	-597.9652	-4.36
232.59	-598.4715	-4.39
232.75	-598.9856	-4.28
232.91	-599.45785	-5.42
233.07	-599.8832	-5.87
233.23	-600.3029	-5.29
233.39	-600.72555	-5.74
233.55	-601.14345	-5.07
233.71	-601.57185	-5.53
233.87	-601.9991	-5.09
234.03	-602.4342	-4.43
234.19	-602.8536	-4.72
234.35	-603.25135	-5.08
234.51	-603.652	-4.55
234.66	-604.0267	-5.17
234.83	-604.4551	-5.55
234.99	-604.8601	-5.34
235.15	-605.26355	-5.34
235.31	-605.67075	-5.06
235.47	-606.0729	-4.88
235.63	-606.5253	-5.63
235.79	-606.98215	-5.54
235.95	-607.4306	-5.53
236.11	-607.87625	-5.43
236.27	-608.31655	-5.48
236.43	-608.75265	-4.8
236.59	-609.19405	-5.1
236.75	-609.63105	-4.99
236.91	-610.0022	-5.32
237.07	-610.3701	-4.75
237.23	-610.73605	-4.89
237.39	-611.11055	-4.51
237.55	-611.482	-4.79
237.71	-611.85805	-5.1
237.87	-612.2341	-5.23
238.03	-612.6025	-4.19
238.19	-612.97645	-4.01
238.35	-613.35245	-4.08
238.51	-613.72475	-4.04
238.67	-614.09885	-4.26
238.83	-614.46765	-4.08
238.99	-614.83935	-4.35
239.15	-615.21215	-4.21
239.31	-615.57945	-4.26
239.47	-615.96355	-4.36
239.63	-616.34705	-3.9
239.79	-616.73505	-4.01
239.95	-617.118	-3.6
240.11	-617.49935	-4.09
240.27	-617.89585	-4.41
240.43	-618.28375	-4.45
240.59	-618.6618	-4.72
240.75	-619.0362	-4.4
240.91	-619.3974	-5.12
241.07	-619.757	-5.11
241.23	-620.12035	-5.75
241.39	-620.48455	-5.24
241.55	-620.8418	-5.81
241.71	-621.20705	-5.81
241.87	-621.5599	-6.17
242.03	-621.9435	-6.93
242.19	-622.33285	-6.47
242.35	-622.71895	-6.28
242.51	-623.10955	-4.54
242.67	-623.51025	-3.9
242.83	-623.9081	-4.44
242.99	-624.305	-3.74
243.47	-625.4686	-6.1
244.43	-627.74495	-5.71
248.59	-639.53565	-6.44
251.15	-647.8624	-6.7
253.07	-653.2632	-6.67
256.43	-665.21015	-3.04
256.59	-665.77155	-4.87
256.75	-666.3381	-4.71
256.91	-666.89715	-5.1
257.23	-668.0097	-4.61
257.39	-668.5773	-4.43
257.55	-669.1311	-6.1
257.71	-669.6726	-5.44
257.87	-670.2195	-6.23
258.03	-670.7631	-4.98
258.19	-671.30495	-4.82
258.35	-671.85885	-5.14
258.51	-672.40375	-4.13
258.67	-672.9603	-4.47
260.72	-681.9729	-6.15
260.88	-683.3276	-6.43
261.04	-684.6869	-5.89
261.2	-686.0408	-5.84
261.36	-687.3989	-6.23
261.52	-688.75155	-6.37
261.68	-689.8321	-6.29
261.84	-690.9243	-6.57
262	-692.0121	-5.66
262.16	-693.0979	-5.25
262.32	-694.1879	-5
262.48	-695.2778	-5.18
262.64	-696.3701	-5.31
262.8	-697.4611	-5.21
262.96	-698.13235	-5.59
263.12	-698.75985	-5.59
263.28	-699.386	-6.26
263.44	-700.0043	-6.5
263.6	-700.6171	-4.9
263.76	-701.23555	-5.39
263.92	-701.85865	-6.58
264.08	-702.48	-5.38
264.24	-703.15275	-4.9
264.4	-703.85735	-6.01
264.56	-704.571	-5.86
264.72	-705.27295	-4.81
264.88	-705.98165	-4.73
265.04	-706.6933	-4.46
265.2	-707.3993	-4.3
265.36	-708.09535	-4.29
265.52	-708.8312	-4.56
265.68	-709.5647	-4.96
265.84	-710.3118	-5.36
266	-711.04805	-6.07
266.16	-711.7987	-6.43
266.32	-712.54035	-6.2
271.28	-731.9902	-4.76
271.44	-732.5398	-5.19
271.6	-733.0999	-5.55
271.77	-733.6988	-6.12
271.92	-734.2252	-5.65
272.08	-734.78665	-5.51
272.24	-735.33655	-5.9
272.4	-735.9032	-6.53
272.56	-736.4558	-5.64
272.72	-737.01645	-6.58
272.88	-737.57565	-5.69
273.04	-738.1339	-4.92
273.2	-738.6909	-4.04
273.36	-739.10335	-5.06
273.52	-739.5099	-6.42
273.68	-739.90575	-6.34
273.84	-740.3012	-6.72
274	-740.70135	-6.31
274.16	-741.08735	-5.9
274.32	-741.4769	-5.4
274.48	-741.87025	-5.99
274.64	-742.222	-5.67
274.8	-742.57265	-5.65
274.96	-742.91755	-3.03
275.12	-743.2696	-5.03
276.08	-745.46585	-6.38
277.36	-748.7907	-6.16
278.8	-752.6033	-6.45
278.96	-752.97645	-6.12
279.76	-754.90315	-6.4
281.2	-758.6104	-4.19
281.36	-759.0406	-4.99
281.52	-759.47915	-4.59
282.64	-762.5623	-6.29
282.8	-763.02035	-7.19
282.96	-763.47185	-6.09
283.12	-763.92785	-5.69
283.28	-764.3858	-5.99
284.24	-767.05	-4.59
284.4	-767.49105	-4.89
284.56	-767.9392	-6.59
284.72	-768.3851	-6.09
284.88	-768.82695	-5.89
285.04	-769.28705	-5.29
285.2	-769.74775	-5.19
285.36	-770.2044	-4.89
285.52	-770.66685	-5.99
285.68	-771.12815	-5.29
285.84	-771.59805	-4.79
286	-772.07035	-4.99
286.16	-772.544	-4.89
286.32	-773.13715	-4.19
286.48	-773.8015	-3.59
286.64	-774.4643	-4.29
286.8	-775.12775	-3.99
286.96	-775.78095	-3.79
287.12	-776.44725	-3.89
287.28	-777.0981	-3.69
287.44	-777.75755	-3.69
287.6	-778.48195	-3.39
287.76	-779.2696	-3.49
287.92	-780.0606	-4.19
288.23	-781.5826	-3.99
288.4	-782.42735	-4.29
288.56	-783.2102	-4.59
288.72	-783.9975	-4.89
288.88	-784.72585	-5.19
289.04	-785.4023	-4.89
289.2	-786.0715	-5.29
289.36	-786.77185	-5.59
289.52	-787.4325	-4.79
289.68	-788.1194	-3.59
289.84	-788.80075	-2.79
290	-789.47875	-2.99
294.8	-807.6249	-6.54
295.12	-809.02975	-4.49
295.28	-809.7291	-2.59
295.44	-810.3283	-3.79
295.76	-811.45875	-4.29
295.92	-812.02545	-2.49
296.09	-812.6246	-3.19
296.24	-813.15735	-4.19
296.4	-813.72565	-3.39
296.56	-814.28925	-2.29
296.72	-814.8171	-3.29
296.88	-815.33	-4.99
297.04	-815.848	-4.99
297.2	-816.36055	-4.39
297.36	-816.8754	-4.19
297.52	-817.3867	-4.19
297.68	-817.9014	-4.49
297.84	-818.418	-4.59
298	-818.89765	-4.49
298.16	-819.36005	-4.29
298.32	-819.8157	-4.59
298.48	-820.27945	-4.69
298.64	-820.7399	-4.99
298.8	-821.19775	-5.39
298.96	-821.66	-4.79
299.12	-822.1217	-4.39
299.28	-822.54805	-4.89
299.44	-822.9437	-4.19
299.6	-823.33215	-4.49
299.76	-823.7287	-4.49
299.92	-824.11285	-5.79
300.24	-824.8899	-5.99
300.4	-825.2723	-5.89
300.56	-825.6806	-5.89
300.72	-826.13785	-5.39
300.88	-826.59655	-5.49
301.04	-827.05525	-5.59
301.2	-827.5154	-5.49
301.36	-827.97375	-5.19
301.52	-828.43835	-4.89
302.32	-831.6285	-5.29
302.48	-832.36435	-4.79
302.64	-833.1057	-5.19
302.8	-833.84505	-4.69
302.96	-834.56925	-4.99
303.12	-835.3165	-4.99
303.28	-836.32035	-4.39
303.44	-837.32335	-4.69
303.6	-838.3221	-4.99
303.76	-839.32135	-5.49
303.92	-840.32195	-5.19
304.08	-841.31495	-4.89
304.24	-842.30295	-4.99
304.4	-843.29555	-5.29
304.56	-844.27915	-5.39
304.72	-845.26155	-5.29
304.89	-846.31255	-4.99
305.04	-847.2359	-4.29
305.2	-848.229	-3.59
305.36	-849.2331	-4.39
305.52	-850.23595	-4.39
305.68	-851.23215	-4.59
305.84	-852.24325	-4.59
306	-853.27365	-4.49
306.16	-854.3006	-4.09
306.32	-855.32435	-3.79
306.48	-856.3425	-2.99
306.64	-857.36125	-2.99
306.8	-858.3814	-3.29
306.96	-859.40415	-3.39
307.12	-860.3957	-3.99
307.28	-861.44575	-4.69
307.44	-862.37565	-5.09
307.6	-863.36555	-5.19
307.76	-864.3502	-5.29
307.92	-865.34725	-5.19
308.08	-866.3477	-4.89
308.25	-867.41625	-5.09
309.2	-871.16295	-8.98
309.36	-871.7611	-8.91
309.84	-873.33725	-9.34
310.16	-874.22565	-7.55
310.48	-875.1033	-9.22
310.64	-875.54125	-8.41
310.8	-875.9736	-7.71
310.96	-876.43965	-8.48
311.6	-878.5754	-6.93
311.76	-879.10755	-7.37
312.24	-880.7031	-6.08
312.4	-881.1796	-6.88
312.56	-881.6687	-6.65
313.2	-883.60925	-6.67
313.84	-885.6116	-6.5
314.16	-886.66125	-9.11
314.48	-887.72545	-7.5
314.64	-888.25755	-7.05
315.6	-892.66405	-8.98
315.76	-893.44085	-8.51
316.24	-895.9078	-9.2
316.72	-898.7944	-8.34
316.88	-899.749	-7.44
317.04	-900.6988	-5.6
317.19	-901.59805	-5.75
317.36	-902.6048	-5.75
317.52	-903.50335	-5.67
317.68	-904.38425	-5.48
317.84	-905.28475	-5.42
318	-906.16625	-4.97
318.16	-907.05705	-6.18
318.32	-907.9542	-5.03
318.48	-908.8373	-5.29
318.64	-909.7202	-5.77
318.8	-910.76055	-6.07
319.44	-915.5024	-7.63
320.08	-919.93365	-8.09
320.4	-920.71315	-6.35
320.88	-921.8647	-6.81
321.04	-922.2458	-7.56
321.2	-922.6238	-7.31
321.36	-922.98765	-7.25
322.32	-925.08965	-7.42
323.76	-928.65645	-7.99
324.72	-931.04095	-7.89
325.2	-932.23705	-6.35
325.36	-932.62865	-6.28
325.52	-933.02225	-6.38
325.68	-933.4222	-7.06
325.84	-933.82105	-6.04
326.48	-935.43045	-6.16
326.64	-935.84805	-5.46
326.8	-936.277	-7.18
326.96	-936.70695	-6.98
327.12	-937.1411	-7.1
327.28	-937.56805	-6.87
327.44	-937.98745	-6.5
327.6	-938.4111	-6.95
327.76	-938.8432	-6.66
327.92	-939.2421	-6.42
328.07	-939.60935	-6.8
328.24	-940.0253	-7.35
328.4	-940.41405	-6.53
328.56	-940.804	-6.15
328.72	-941.1913	-5.65
328.88	-941.5827	-5.99
329.04	-941.98605	-5.76
329.2	-942.40105	-6.18
329.36	-942.8367	-5.28
329.52	-943.26675	-4.88
329.68	-943.6998	-5.33
329.84	-944.12095	-4.9
330	-944.55045	-5.85
330.16	-944.97595	-6.07
330.32	-945.4053	-6.02
330.48	-945.83945	-6.06
330.64	-946.3022	-6.18
330.8	-946.76025	-6.29
330.96	-947.2243	-6.1
331.12	-947.681	-5.47
331.28	-948.14075	-5.49
331.44	-948.59765	-5.69
331.6	-949.05425	-5.04
331.76	-949.48855	-5.29
331.92	-949.9133	-5.49
332.08	-950.335	-5.34
332.24	-950.7625	-5.57
332.4	-951.1868	-5.98
332.56	-951.60885	-5.79
332.72	-952.0349	-6.1
332.88	-952.45605	-5.94
333.04	-952.8795	-6.22
333.2	-953.3594	-5.98
333.36	-953.83915	-5.9
333.52	-954.31715	-5.6
333.68	-954.7946	-5.87
333.84	-955.2696	-5.65
334	-955.74975	-6.16
334.16	-956.22555	-6.6
334.34	-956.75485	-6.14
334.48	-957.1634	-6.3
334.64	-957.62065	-6.53
334.8	-958.07685	-6.48
334.96	-958.55115	-6.7
335.12	-959.0233	-6.61
335.28	-959.49625	-6.49
335.43	-959.94755	-7.14
335.6	-960.4394	-6.55
335.76	-960.8492	-6.33
335.92	-961.2461	-6.06
336.08	-961.65025	-6.16
336.24	-962.0654	-6.14
336.4	-962.47695	-6.83
336.56	-962.8904	-7.19
336.72	-963.29595	-5.52
337.04	-964.05575	-5.99
337.36	-964.74975	-8.59
337.68	-965.44195	-7.63
338.16	-966.45885	-7.88
338.64	-967.40855	-8.76
338.96	-968.0332	-7.82
339.12	-968.3412	-7.54
339.28	-968.648	-8.6
339.44	-968.95885	-7.67
339.76	-969.59465	-8.62
341.36	-972.78135	-7.83
341.68	-973.44305	-6.76
341.84	-973.77025	-6.89
342	-974.0936	-6.51
342.16	-974.42745	-6.22
342.32	-974.7663	-6.26
342.48	-975.102	-6.85
342.64	-975.445	-6.93
342.8	-975.77715	-6.58
342.94	-976.083	-6.74
343.12	-976.4495	-6.76
343.28	-976.79975	-6.85
343.44	-977.1312	-6.78
343.6	-977.42655	-6.83
343.76	-977.7229	-6.31
343.92	-978.0214	-7.39
344.09	-978.3378	-7.24
344.24	-978.6277	-6.64
344.42	-978.9658	-7
344.56	-979.2331	-6.42
344.72	-979.5329	-5.55
344.88	-979.80455	-6.06
345.04	-980.0793	-6.23
345.2	-980.3548	-5.37
345.36	-980.62905	-4.58
345.84	-981.4593	-5.9
346	-981.7377	-6.62
346.48	-982.6675	-5.2
347.28	-984.2675	-10.05
347.44	-984.71205	-8.51
347.92	-986.1835	-5.62
348.08	-986.68085	-5.16
348.24	-987.17275	-5.73
348.4	-987.65195	-6.05
348.56	-988.14035	-6.49
348.72	-988.8569	-6.21
348.88	-989.7133	-6
349.04	-990.5617	-6.7
349.2	-991.4049	-6.18
349.36	-992.2506	-6.12
349.52	-993.0892	-6.37
349.68	-993.9235	-5.87
349.84	-994.7531	-5.99
350	-995.60965	-6.61
350.16	-996.50055	-6.69
350.32	-997.4072	-6.83
350.48	-998.3183	-6.49
350.64	-999.22635	-6.58
350.81	-1000.201	-7.34
350.96	-1001.0475	-7.49
351.12	-1001.952	-6.82
351.28	-1002.772	-5.68
352.08	-1006.3445	-7.81
353.68	-1011.613	-8.57
354.96	-1015.127	-6.12
355.12	-1015.564	-6.93
355.28	-1016.0015	-6.91
355.44	-1016.4435	-6.53
355.6	-1016.8785	-6.2
355.76	-1017.316	-6.25
355.92	-1017.749	-5.51
356.08	-1018.19	-5.41
356.88	-1020.406	-4.69
357.04	-1020.8565	-6.28
357.2	-1021.3	-6.47
357.36	-1021.743	-6.42
357.52	-1022.1945	-6.4
357.68	-1022.635	-6.37
357.84	-1023.0605	-6.6
358	-1023.4835	-6.03
358.16	-1023.9135	-6.17
358.32	-1024.343	-6.05
358.48	-1024.77	-6.34
358.64	-1025.1995	-6.11
358.8	-1025.621	-5.92
358.96	-1026.052	-6.1
359.12	-1026.478	-6.32
359.28	-1026.8985	-6.57
359.44	-1027.33	-5.45
359.6	-1027.75	-5.59
359.76	-1028.1865	-6.38
359.92	-1028.609	-6.61
360.08	-1029.0455	-6.57
360.24	-1029.4685	-6.91
360.41	-1029.8915	-6.69
360.56	-1030.239	-6.98
360.72	-1030.6095	-7.02
360.88	-1030.9785	-6.64
361.04	-1031.349	-5.93
361.2	-1031.7225	-6
361.36	-1032.1065	-6.03
362	-1033.7745	-7.96
362.32	-1034.6595	-8.42
362.48	-1035.1115	-7.74
362.64	-1035.5565	-7.38
362.8	-1036.0065	-7.84
362.96	-1036.5015	-7.63
363.6	-1038.949	-7.29
364.4	-1041.987	-6.94
366.64	-1051.034	-8.2
366.96	-1052.3025	-8.15
368.24	-1057.146	-8.65
369.2	-1060.093	-5.32
369.36	-1060.591	-5.5
369.52	-1061.0295	-6.33
369.68	-1061.4515	-6.28
369.84	-1061.8805	-6.49
370	-1062.3015	-6.67
370.16	-1062.718	-6.64
370.32	-1063.135	-6.26
370.48	-1063.556	-6.63
370.64	-1063.974	-6.37
370.8	-1064.377	-6.39
370.96	-1064.787	-6.42
371.12	-1065.202	-6.46
371.28	-1065.6175	-6.02
371.44	-1066.0175	-6.93
371.6	-1066.4365	-6.79
371.76	-1066.8485	-6.75
371.92	-1067.257	-7.29
372.08	-1067.6795	-7.07
372.24	-1068.0965	-6.6
372.4	-1068.527	-6.28
372.56	-1068.9605	-6.73
372.72	-1069.3965	-6.22
372.88	-1069.8225	-6.14
373.04	-1070.2575	-6.05
373.2	-1070.686	-5.62
373.36	-1071.13	-4.81
373.52	-1071.636	-5.56
373.68	-1072.1445	-5.45
373.84	-1072.648	-5.63
374	-1073.1585	-6.25
374.16	-1073.6685	-5.63
374.32	-1074.1875	-6.58
374.49	-1074.7285	-6.31
374.64	-1075.208	-6.01
374.8	-1075.765	-5.76
374.96	-1076.3195	-5.98
375.12	-1076.8775	-6.42
375.28	-1077.4405	-7.65
375.44	-1078.0085	-7.13
375.6	-1078.5625	-6.9
375.76	-1079.1205	-6.32
375.92	-1079.67	-5.36
376.08	-1080.2405	-5.94
376.24	-1080.8045	-6.19
376.4	-1081.368	-7.05
376.56	-1081.9215	-6.36
376.72	-1082.476	-6.18
376.88	-1083.034	-6.23
377.04	-1083.587	-6.37
377.2	-1084.145	-6.13
377.36	-1084.709	-6.15
377.52	-1085.295	-5.98
377.68	-1085.858	-5.86
377.84	-1086.435	-5.97
378	-1086.9965	-6.01
378.16	-1087.572	-5.68
378.32	-1088.1375	-5.99
378.48	-1088.6945	-5.32
378.64	-1089.2915	-5.78
378.8	-1089.8965	-5.82
378.96	-1090.501	-6.24
379.12	-1091.103	-6.77
379.28	-1091.7135	-6.07
379.44	-1092.315	-6.67
379.6	-1092.922	-6.99
379.76	-1093.53	-6.91
379.92	-1094.0895	-8.2
381.04	-1097.8205	-6.58
381.52	-1099.3505	-6.4
383.44	-1105.1175	-5.79
383.6	-1105.5875	-6.16
383.76	-1106.0525	-6.85
383.92	-1106.542	-6.49
384.07	-1107.014	-5.91
384.24	-1107.5425	-6.31
384.4	-1108.037	-6.79
384.56	-1108.5295	-6.24
384.74	-1109.0875	-6.89
384.9	-1109.583	-6.29
385.04	-1110.013	-6.26
385.2	-1110.486	-5.34
385.36	-1110.9745	-6.47
385.52	-1111.4665	-6.55
385.68	-1111.945	-6.47
385.84	-1112.423	-6.38
385.99	-1112.8735	-6.66
386.16	-1113.3895	-7.23
386.32	-1113.866	-7.13
386.48	-1114.3355	-7.58
386.64	-1114.8035	-7.22
386.8	-1115.272	-7.66
387.76	-1118.117	-6.86
388.72	-1121.228	-6.59
390	-1125.884	-6.72
391.44	-1131.4945	-7.42
392.56	-1136.696	-7.6
394	-1143.459	-7.87
396.4	-1152.8605	-7.4
396.56	-1153.2465	-7.13
396.72	-1153.625	-6.85
396.88	-1154.0945	-6.3
397.04	-1154.5735	-6.67
397.2	-1155.0455	-6.94
397.36	-1155.5145	-7
397.52	-1155.987	-6.9
397.68	-1156.443	-6.8
397.84	-1156.901	-6.63
398	-1157.3615	-6.69
398.16	-1157.855	-6.81
398.32	-1158.3485	-6.85
398.48	-1158.842	-6.69
398.64	-1159.344	-7.11
398.8	-1159.844	-7.15
398.96	-1160.3445	-7.35
399.12	-1160.8415	-6.89
399.28	-1161.325	-7.18
399.44	-1161.7635	-6.88
399.6	-1162.184	-6.91
399.76	-1162.6	-7.61
399.92	-1163.021	-6.5
400.08	-1163.4465	-6.43
400.24	-1163.867	-6.23
400.4	-1164.281	-6.64
400.56	-1164.708	-6.87
400.72	-1165.135	-6.15
400.88	-1165.5765	-6.21
401.04	-1166.019	-6.42
401.2	-1166.4545	-6.5
401.36	-1166.897	-6.68
401.52	-1167.3465	-6.78
401.68	-1167.7985	-6.75
401.84	-1168.2445	-6.63
402	-1168.6845	-6.99
402.16	-1169.121	-5.87
402.32	-1169.5645	-6.37
402.48	-1170.016	-6.67
402.64	-1170.4595	-6.68
402.8	-1170.91	-7.39
402.96	-1171.352	-6.62
403.12	-1171.7995	-7.18
403.28	-1172.379	-6.95
403.44	-1173.171	-7.35
403.6	-1173.9765	-6.63
403.76	-1174.7885	-7.08
403.92	-1175.583	-7.36
404.08	-1176.3765	-7.1
404.4	-1177.962	-6.55
404.56	-1178.751	-6.56
404.72	-1179.5535	-6.62
404.88	-1180.348	-6.56
405.04	-1181.1445	-6.9
405.2	-1181.937	-6.67
405.36	-1182.74	-6.24
405.52	-1183.532	-5.85
405.68	-1184.3185	-5.47
405.84	-1185.147	-6.52
406	-1186.2185	-7.37
406.16	-1187.291	-7.42
406.32	-1188.3765	-6.55
406.48	-1189.4575	-7.33
406.96	-1192.7185	-6.82
408.56	-1202.474	-7.61
410.16	-1212.0915	-7.11
412.72	-1221.8675	-7.7
412.88	-1222.484	-7.81
413.04	-1223.1005	-8.34
413.2	-1223.728	-7.48
413.36	-1224.3405	-7.33
413.52	-1224.9585	-7.28
413.68	-1225.557	-7.04
413.84	-1226.1215	-7.16
414	-1226.6935	-7.16
414.16	-1227.274	-6.98
414.32	-1227.86	-7.39
414.48	-1228.4475	-7.7
414.64	-1229.0315	-7.15
414.8	-1229.6055	-6.85
414.96	-1230.1395	-6.57
415.12	-1230.5995	-6.44
415.28	-1231.0585	-6.33
415.44	-1231.517	-5.86
415.6	-1231.9715	-5.58
415.76	-1232.4235	-5.95
415.91	-1232.9445	-6.1
416.08	-1233.317	-6.08
416.24	-1233.77	-6.09
416.4	-1234.2435	-6.49
416.56	-1234.718	-5.95
416.72	-1235.183	-6.32
416.88	-1235.6615	-6.33
417.04	-1236.147	-6.37
417.2	-1236.6165	-6.22
417.36	-1237.097	-6.07
417.52	-1237.5725	-6.49
417.68	-1238.0405	-6.33
417.84	-1238.5045	-6.93
418	-1238.9695	-6.88
418.16	-1239.4415	-6.99
418.32	-1239.9135	-6.64
418.48	-1240.383	-6.64
418.64	-1240.8505	-6.98
418.8	-1241.329	-7.22
418.96	-1241.812	-7.22
419.12	-1242.3075	-7.21
419.28	-1242.804	-7.53
419.44	-1243.307	-7.71
420.4	-1246.1385	-6.72
421.2	-1248.2985	-7.09
422	-1251.4245	-7.16
422.8	-1254.9915	-6.63
425.52	-1270.5795	-7.39
425.68	-1272.3945	-5.35
425.84	-1274.2175	-6.25
426	-1276.048	-7.14
426.16	-1277.8795	-7.77
426.32	-1279.706	-6.74
426.48	-1281.541	-8.19
426.64	-1283.2365	-8.15
426.8	-1284.194	-7.92
426.96	-1285.1535	-7.69
427.12	-1286.119	-7.05
427.28	-1287.0835	-7.62
427.44	-1288.078	-8.4
427.6	-1289.0335	-7.49
428.4	-1292.6695	-7.7
428.88	-1294.373	-7.28
430.96	-1302.262	-8.01
431.12	-1302.946	-8.45
431.28	-1303.6235	-8.31
431.44	-1304.3035	-8.16
431.6	-1304.963	-7.99
431.76	-1305.6155	-8.7
431.92	-1306.181	-8.28
432.08	-1306.7035	-8.22
432.24	-1307.225	-8.3
432.4	-1307.749	-9.25
432.56	-1308.2825	-8.7
432.72	-1308.8075	-9.34
432.88	-1309.334	-8.57
433.04	-1309.8535	-8.84
433.2	-1310.3805	-9.31
433.36	-1310.9385	-9.51
433.52	-1311.4935	-9.85
433.68	-1312.044	-9.5
433.84	-1312.596	-9.44
434	-1313.151	-9.22
434.16	-1313.6965	-9.21
434.32	-1314.254	-9.33
434.48	-1314.809	-9.31
434.64	-1315.3775	-9.39
434.8	-1315.9515	-9.17
434.96	-1316.5315	-8.67
435.12	-1317.112	-8.04
435.28	-1317.689	-8.18
435.44	-1318.256	-8.27
435.6	-1318.8305	-7.72
435.76	-1319.398	-7.41
435.92	-1319.9305	-8.14
436.08	-1320.4665	-7.61
436.24	-1321.008	-7.8
436.4	-1321.542	-8.68
436.56	-1322.082	-8.61
436.72	-1322.6245	-8.43
438.96	-1341.943	-8.12
439.12	-1342.642	-8.91
439.28	-1343.337	-8.09
439.44	-1344.0145	-8.52
439.6	-1344.672	-8.58
439.76	-1345.1395	-8.34
439.92	-1345.576	-8.72
440.08	-1346.0195	-8.61
440.24	-1346.4535	-8.93
440.4	-1346.8935	-8.46
440.56	-1347.332	-8.14
440.72	-1347.7735	-8.54
440.88	-1348.2045	-7.76
441.04	-1348.639	-8
441.2	-1349.0675	-8.12
441.36	-1349.4965	-8.01
441.52	-1349.9235	-7.91
441.68	-1350.3565	-7.58
441.84	-1350.785	-8.13
442	-1351.2145	-7.96
442.16	-1351.6455	-8.11
442.32	-1352.0555	-8.11
442.48	-1352.449	-8.23
442.64	-1352.8435	-8.14
442.8	-1353.246	-8.54
442.96	-1353.644	-8.23
443.12	-1354.033	-8.44
443.28	-1354.425	-8.65
443.44	-1354.813	-8.11
443.6	-1355.2155	-8.63
443.76	-1355.655	-8.71
443.92	-1356.093	-8.6
444.08	-1356.5265	-8.19
444.24	-1356.9625	-8.69
444.4	-1357.397	-8.72
444.56	-1357.834	-8.37
444.72	-1358.275	-8.41
444.88	-1358.6895	-8.96
445.04	-1359.098	-8.81
445.2	-1359.512	-9.06
445.36	-1359.932	-8.58
445.52	-1360.347	-8.8
445.68	-1360.7655	-8.8
445.84	-1361.184	-8.71
446	-1361.605	-8.68
446.16	-1362.012	-9
446.32	-1362.401	-9.37
446.48	-1362.7945	-9.22
446.64	-1363.183	-9.33
446.8	-1363.573	-9.03
446.96	-1363.9595	-8.61
