Vial	AP	DecOaks	Total	Age
NA	390	235	490	-0.79
NA	271	179	366	-1.32
1	232	152	326	-1.5789
5	347	209	430	-3.5675
9	250	171	324	-6.54905
13	219	157	314	-8.82445
17	163	121	273	-10.1778
21	246	195	354	-11.8927
25	117	76	304	-14.1485
29	64	31	310	-15.8294
33	51	32	310	-16.63055
37	57	25	219	-17.5244
41	30	11	184	-18.6
45	69	25	280	-19.84275
49	46	21	368	-21.7145
53	23	5	164	-23.48575
57	17	8	165	-25.1749
61	25	10	186	-26.8357
65	69	34	268	-28.2461
69	16	4	206	-29.59315
73	34	23	210	-30.5021
77	25	15	206	-31.4786
81	35	16	200	-33.00755
85	149	105	332	-34.55765
89	36	11	316	-36.4615
93	164	76	340	-38.32235
97	56	12	270	-39.2524
101	28	19	148	-40.21455
105	28	16	210	-41.5375
109	47	28	218	-42.8593
113	186	80	374	-44.4464
117	50	12	240	-46.0366
121	65	22	304	-47.649
125	57	26	316	-49.24135
129	321	178	714	-51.29545
133	192	96	422	-53.38915
137	157	104	334	-55.24255
141	145	95	312	-57.08635
145	148	79	488	-59.1252
149	160	97	332	-61.20335
153	100	54	264	-62.7759
157	44	21	201	-64.2965
161	29	9	208	-66.0044
165	102	34	388	-67.76515
169	21	9	173	-69.46685
173	43	4	293	-71.18815
177	445	130	968	-72.88285
181	1045	643	1759	-74.5871
185	242	66	1116	-76.20125
189	586	170	856	-77.79
193	333	133	1580	-79.196
197	674	405	1180	-80.54485
201	442	260	647	-81.8998
205	545	392	722	-83.2674
209	612	415	853	-84.76815
213	250	157	722	-86.38485
217	78	41	451	-88.00535
221	342	221	921	-89.6662
225	569	252	751	-91.56205
229	518	171	720	-93.65285
233	275	92	416	-95.5252
237	487	147	629	-97.21385
241	623	238	812	-98.91525
245	419	193	557	-100.67275
249	625	401	830	-102.2676
253	390	240	1074	-103.6874
257	376	240	595	-105.10195
261	349	237	490	-106.5515
265	252	106	632	-108.26875
269	264	122	794	-110.374
273	489	247	760	-112.60695
277	563	263	757	-115.0729
281	365	161	454	-117.5965
285	666	262	949	-120.3088
289	720	334	870	-122.93015
293	616	369	664	-125.5389
297	496	385	780	-128.06325
301	193	159	632	-130.31445
305	211	136	674	-132.48695
309	186	131	710	-134.42155
313	183	98	630	-136.29045
317	54	18	303	-138.05365
321	378	185	934	-139.8283
325	116	34	554	-141.4523
329	137	49	622	-143.17425
333	26	10	163	-144.7371
337	75	15	360	-146.4431
341	86	22	442	-148.05
345	69	18	467	-149.6383
349	68	9	399	-150.95055
353	187	68	637	-152.27495
357	35	6	262	-153.68925
361	32	8	258	-155.1083
365	38	10	259	-155.9085
369	40	6	292	-156.70415
373	24	12	255	-157.4118
377	51	19	266	-158.1221
381	32	5	290	-158.88815
385	29	11	222	-159.64295
389	39	5	233	-160.51735
393	33	11	242	-161.375
397	37	10	209	-162.26125
401	40	14	238	-163.14255
405	50	8	235	-164.12255
409	41	7	245	-165.1314
413	41	7	245	-166.1286
417	165	59	387	-167.1151
421	44	17	219	-168.0568
425	45	14	284	-169.00535
429	109	36	541	-169.9233
433	33	10	267	-170.82795
437	36	9	266	-171.721
441	48	14	249	-172.60685
445	70	22	401	-173.55185
449	129	36	508	-174.53755
453	150	67	461	-175.45855
457	226	45	802	-176.3753
461	143	66	536	-177.2208
465	52	20	262	-178.0325
469	37	17	228	-178.87145
473	97	40	319	-179.724
477	153	96	409	-180.6387
481	61	21	237	-181.6072
485	87	29	284	-182.6283
489	65	25	241	-183.69415
493	27	3	200	-184.65405
497	270	116	654	-185.53835
501	791	436	983	-186.5075
505	526	272	746	-187.577
509	163	67	501	-188.5998
513	425	155	867	-189.60765
517	338	129	906	-190.5697
521	361	129	894	-191.51695
525	232	98	594	-192.4736
529	360	95	1067	-193.4274
533	788	50	821	-194.4242
537	262	91	732	-195.50855
541	72	36	214	-196.65175
545	79	43	152	-197.91425
549	72	47	207	-199.13565
553	90	62	128	-200.24835
557	198	151	283	-201.3574
561	352	210	513	-202.4313
565	397	279	676	-203.52945
569	172	2	524	-204.69755
573	718	7	805	-206.1052
577	1334	146	1546	-208.3335
581	560	149	663	-210.4645
585	624	161	838	-212.25745
589	429	131	560	-214.11995
593	284	148	376	-216.40255
597	269	163	610	-218.6878
601	130	44	380	-221.25125
605	114	37	248	-223.793
609	88	23	245	-225.4518
613	279	158	461	-227.05845
617	59	30	292	-228.3832
621	964	392	1385	-229.711
625	311	168	809	-231.08715
629	72	27	454	-232.4559
633	897	421	1400	-233.8522
637	455	96	622	-235.2372
641	768	322	1000	-236.51855
645	310	139	478	-237.7998
649	541	290	636	-239.26705
653	488	371	578	-240.7127
657	231	181	860	-241.91665
661	133	31	618	-243.1036
665	71	12	324	-244.37275
669	67	17	415	-245.693
673	190	53	548	-246.9352
677	22	0	87	-248.18005
681	746	180	2157	-249.68525
685	223	37	816	-251.1956
689	198	35	613	-252.8258
693	185	28	862	-254.4933
697	262	51	1046	-256.29085
701	208	30	791	-258.1437
705	55	7	310	-260.07335
709	67	17	399	-262.0322
717	93	17	598	-265.41485
721	39	9	162	-267.02265
729	60	14	322	-270.3201
733	26	1	125	-271.95225
737	80	17	381	-273.55205
741	77	15	519	-275.12945
745	112	7	410	-276.5199
749	71	8	559	-277.89115
753	60	4	369	-279.29375
757	44	3	442	-280.7247
761	324	38	1038	-282.10625
765	102	10	584	-283.4576
769	431	50	1052	-284.9992
773	290	46	773	-286.71635
777	578	253	747	-288.4365
781	847	592	1018	-290.13465
785	548	337	710	-291.7247
789	351	257	769	-293.2335
793	238	123	720	-294.7364
797	157	90	504	-296.25155
801	224	127	408	-297.6403
805	508	316	608	-298.88055
809	178	60	414	-300.04145
813	79	0	1006	-301.1976
817	253	93	782	-302.36375
821	446	186	624	-303.58165
825	369	205	594	-304.78535
829	354	84	514	-306.112
833	254	49	382	-307.43015
837	319	120	436	-308.75555
841	185	45	750	-310.04175
845	276	145	403	-311.21735
849	291	155	407	-312.35545
853	283	160	346	-313.56065
857	405	281	484	-314.76275
861	603	411	760	-315.9959
865	259	160	404	-317.2494
869	220	116	488	-318.73285
873	175	57	442	-320.2302
877	497	140	748	-321.79765
881	597	255	808	-323.3653
885	298	134	405	-325.2132
889	694	416	759	-327.01535
893	297	122	329	-328.9673
897	132	73	206	-330.91875
901	87	46	177	-332.8423
905	56	35	243	-334.77375
909	65	33	200	-336.7928
913	60	34	187	-338.8096
917	124	31	332	-340.9967
921	117	24	355	-343.1826
925	59	4	294	-345.28855
929	113	31	341	-347.39635
933	241	65	537	-349.3897
937	330	111	678	-351.3808
941	183	34	533	-353.43845
945	113	50	417	-355.5178
949	307	165	501	-357.66595
953	137	38	358	-359.8555
957	110	25	359	-362.00405
961	153	26	374	-364.12535
965	122	21	358	-365.85845
969	73	7	555	-367.45815
973	187	23	778	-369.3984
977	235	29	686	-371.4994
981	362	122	776	-373.96795
985	67	19	596	-376.64275
989	178	47	573	-379.78525
993	67	15	446	-383.21115
997	209	87	423	-386.3481
1001	89	51	505	-389.3464
1005	126	52	772	-391.9041
1009	76	17	636	-394.0871
1013	420	196	1094	-395.78325
1017	368	176	966	-397.0735
1021	445	199	650	-398.4591
1025	419	274	646	-399.9663
1029	114	52	511	-401.5419
1033	399	193	544	-403.17765
1037	531	265	716	-405.0244
1041	247	138	807	-407.1875
1045	498	204	745	-409.05175
1049	410	217	619	-410.5428
1053	313	130	430	-412.21305
1057	414	238	540	-414.16015
1061	398	258	517	-415.96885
1065	333	204	444	-417.52195
1069	442	250	544	-419.20655
1073	356	181	471	-421.20705
1077	271	120	365	-423.1112
1081	282	210	348	-424.79225
1085	165	87	448	-426.56155
1089	27	7	322	-428.5015
1093	6	0	336	-430.43495
1097	33	2	367	-432.2262
1101	25	0	356	-434.3699
1105	13	0	359	-437.89185
1109	30	1	413	-441.30195
1113	54	24	371	-444.149
1117	36	13	403	-446.9891
1121	31	7	330	-449.43795
1125	56	8	426	-451.9229
1129	49	6	353	-454.6388
1133	208	81	498	-457.28935
1137	412	262	839	-459.05375
1141	53	24	484	-460.78305
1145	55	28	291	-462.4634
1149	83	46	343	-464.14855
1153	161	94	398	-466.1512
1157	70	37	317	-468.175
1161	71	44	336	-469.78485
1165	164	92	604	-471.366
1169	58	23	376	-472.73835
1173	55	33	302	-474.1085
1177	368	250	654	-475.58765
1181	130	64	463	-477.062
1185	108	50	430	-478.6172
1189	158	72	308	-480.1774
1193	93	67	345	-481.4401
1197	57	28	271	-482.6582
1201	242	57	320	-484.1295
1205	213	139	325	-485.66515
1209	216	143	314	-487.2209
1213	233	157	324	-488.75735
1217	302	199	366	-490.4421
1221	338	169	397	-492.19595
1225	312	55	334	-494.49415
1229	271	57	336	-497.0151
1233	351	104	422	-499.5791
1237	323	86	370	-502.18295
1241	343	166	392	-505.58365
1245	256	169	316	-509.4285
1249	290	193	348	-512.42375
1253	279	154	350	-514.93715
1257	252	118	340	-517.1798
1261	353	113	450	-519.2524
1265	329	102	402	-521.44665
1269	342	116	414	-523.78255
1273	407	142	481	-526.12985
1277	299	131	348	-528.51715
1281	237	112	309	-530.4084
1285	251	157	320	-531.8524
1289	203	149	311	-533.14995
1293	187	129	370	-534.3044
1297	27	10	316	-535.4705
1301	180	122	332	-536.6868
1305	38	15	300	-538.4114
1309	125	81	341	-540.85055
1313	229	122	400	-543.10225
1317	229	146	400	-545.1025
1321	149	75	450	-547.15765
1325	225	146	424	-549.32675
1329	165	107	370	-551.427
1333	175	129	378	-553.5221
1337	133	75	320	-555.55185
1341	103	62	300	-557.4369
1345	255	163	354	-559.28565
1349	142	83	336	-561.0679
1353	104	72	312	-562.73415
1357	284	198	375	-564.10265
1361	134	86	340	-565.42795
1365	99	55	363	-566.74525
1369	65	31	308	-568.052
1373	228	125	310	-569.4432
1377	274	124	370	-570.84265
1381	270	115	322	-572.3065
1385	265	121	324	-573.78985
1389	311	190	337	-575.2536
1393	272	125	303	-576.71055
1397	327	228	361	-578.1673
1401	385	289	421	-579.6153
1405	371	297	465	-580.9183
1409	208	181	354	-582.2212
1413	143	115	316	-583.5847
1417	91	52	298	-584.9619
1421	112	86	378	-586.69265
1425	198	171	342	-588.4251
1429	249	201	342	-589.97775
1433	296	242	408	-591.4877
1437	324	128	418	-593.21825
1441	148	115	441	-594.951
1445	586	443	947	-596.94565
1449	111	57	508	-598.9856
1453	251	205	379	-600.72555
1457	119	96	333	-602.4342
1461	132	102	380	-604.0267
1465	213	179	349	-605.67075
1469	256	189	375	-607.4306
1473	280	214	395	-609.19405
1477	258	176	375	-610.73605
1481	334	106	379	-612.2341
1485	262	58	315	-613.72475
1489	303	54	353	-615.21215
1493	301	100	379	-616.73505
1497	298	179	379	-618.28375
1501	245	181	364	-619.757
1505	147	128	327	-621.20705
1509	323	236	1170	-622.71895
1513	123	79	706	-624.305
1517	213	115	749	-625.8435
1521	114	23	323	-627.35595
1525	103	26	384	-629.019
1529	36	5	238	-630.7531
1533	57	28	230	-632.68145
1537	73	28	260	-634.7525
1541	77	27	266	-636.58895
1545	115	61	382	-638.21245
1549	50	12	327	-640.0841
1553	73	22	301	-642.25215
1557	51	13	263	-644.3421
1561	48	12	407	-646.3597
1565	41	6	350	-648.36055
1569	109	32	536	-650.3394
1573	65	29	328	-652.12985
1577	55	17	538	-653.6375
1581	49	17	383	-655.4694
1585	56	16	299	-657.84415
1589	71	34	256	-660.24895
1593	56	17	269	-662.77385
1597	43	17	326	-665.21015
1601	32	9	259	-667.4497
1605	159	88	302	-669.6726
1609	130	66	337	-671.85885
1613	119	50	299	-674.01665
1617	343	130	770	-676.0177
1621	36	9	203	-678.7024
1625	103	35	212	-684.6869
1629	108	45	210	-689.8321
1633	114	85	173	-694.1879
1637	136	98	260	-698.13235
1641	109	54	226	-700.6171
1645	147	79	227	-703.15275
1649	99	41	256	-705.98165
1653	109	59	215	-708.8312
1657	123	44	302	-711.7987
1661	72	24	442	-714.83745
1665	75	23	471	-718.3409
1669	74	13	348	-721.6754
1673	77	12	624	-723.45545
1677	133	28	525	-725.2616
1681	322	65	1168	-727.5218
1685	35	3	235	-729.77235
1689	544	153	1310	-731.9902
1693	463	204	860	-734.2252
1697	378	204	799	-736.4558
1701	43	6	249	-738.6909
1705	1057	26	1142	-740.3012
1709	155	27	835	-741.87025
1713	488	165	1070	-743.2696
1717	100	20	526	-744.6687
1721	353	57	995	-746.29225
1725	286	76	1382	-747.93215
1729	282	126	700	-749.67625
1733	3236	0	3612	-751.4399
1737	129	69	618	-752.97645
1741	517	198	1728	-754.5088
1745	849	316	2055	-756.1336
1749	341	81	1937	-757.76805
1753	602	234	1193	-759.47915
1757	164	54	815	-761.21415
1761	564	166	929	-763.02035
1765	1768	602	2856	-764.8346
1769	81	14	553	-766.6031
1773	531	128	710	-768.3851
1777	841	447	1416	-770.2044
1781	2239	1112	2698	-772.07035
1785	1061	458	1576	-774.4643
1789	1148	311	1390	-777.0981
1793	843	346	1096	-780.0606
1797	414	117	599	-783.2102
1801	341	264	440	-786.0715
1805	113	58	452	-788.80075
1809	58	21	346	-790.9665
1813	127	0	714	-792.74425
1817	96	2	410	-794.9765
1821	176	26	1260	-797.62705
1825	104	38	767	-800.24405
1829	57	14	625	-802.84885
1833	329	160	996	-805.52925
1837	164	70	831	-808.32905
1841	397	215	847	-810.89175
1845	598	363	1005	-813.15735
1849	591	297	806	-815.33
1853	240	103	442	-817.3867
1857	143	73	214	-819.36005
1861	631	320	956	-821.19775
1865	44	5	146	-822.9437
1869	218	75	288	-824.50265
1873	218	128	286	-826.13785
1877	293	91	361	-827.97375
1881	123	31	460	-830.15225
1885	272	96	340	-833.1057
1889	267	91	954	-836.32035
1893	157	82	189	-840.32195
1897	257	168	359	-844.27915
1901	73	51	220	-848.229
1905	375	114	534	-852.24325
1909	362	133	449	-856.3425
1913	335	109	383	-860.3957
1917	201	0	248	-864.3502
1921	5	0	122	-868.14435
1925	21	6	104	-870.56105
1929	50	14	170	-872.9032
1933	60	20	188	-874.65855
1937	52	0	204	-876.43965
1941	13	4	160	-878.5754
1945	30	2	174	-880.7031
1949	35	9	183	-882.6304
1953	37	2	271	-884.5631
1957	124	8	904	-886.66125
1961	332	42	869	-888.7826
1965	729	156	1282	-891.88275
1969	627	81	1146	-894.99485
1973	641	128	1714	-898.7944
1977	313	25	629	-902.6048
1981	341	101	628	-906.16625
1985	186	49	253	-909.7202
1989	109	18	554	-914.30825
1993	25	0	162	-919.0874
1997	54	27	499	-921.10345
2001	94	16	267	-922.6238
2005	178	47	558	-924.04
2009	12	3	131	-925.44295
2013	281	114	580	-927.01585
2017	115	29	382	-928.65645
2021	28	0	68	-930.2521
2025	55	5	211	-931.83775
2029	203	60	238	-933.4222
2033	112	40	344	-935.0292
2037	102	38	174	-936.70695
2041	158	105	226	-938.4111
2045	203	138	254	-940.0253
2049	165	100	227	-941.5827
2053	237	86	308	-943.26675
2057	199	88	249	-944.97595
2061	455	156	558	-946.76025
2065	527	102	596	-948.59765
2069	384	98	466	-950.335
2073	376	106	458	-952.0349
2077	286	124	386	-953.83915
2081	283	232	375	-955.74975
2085	195	169	286	-957.62065
2089	86	72	157	-959.49625
2093	217	191	417	-961.2461
2097	137	79	420	-962.8904
2101	124	59	305	-964.40455
2105	33	14	262	-965.7817
2109	367	115	804	-967.0953
2113	307	37	704	-968.3412
2117	379	66	628	-969.59465
2121	294	105	464	-970.862
2125	185	78	766	-972.1285
2129	238	140	350	-973.44305
2133	218	176	361	-974.7663
2137	172	141	292	-976.083
2141	131	97	297	-977.42655
2145	302	239	537	-978.6277
2149	192	142	368	-979.80455
2153	173	93	582	-980.9072
2157	757	508	982	-982.0408
2161	367	83	730	-983.30705
2165	449	159	804	-984.71205
2169	503	140	749	-986.68085
2173	414	143	578	-988.8569
2177	248	154	359	-992.2506
2181	72	43	154	-995.60965
2185	87	64	195	-999.22635
2189	64	38	203	-1002.772
2193	48	22	229	-1005.615
2197	81	33	142	-1008.4055
2201	72	43	135	-1010.2465
2205	62	14	176	-1012.057
2209	42	0	139	-1013.814
2213	178	99	294	-1015.564
2217	151	85	251	-1017.316
2221	84	37	269	-1019.058
2225	189	53	384	-1020.8565
2229	109	64	217	-1022.635
2233	210	134	296	-1024.343
2237	201	124	269	-1026.052
2241	75	45	306	-1027.75
2245	100	58	206	-1029.4685
2249	174	124	305	-1030.9785
2253	146	78	339	-1032.488
2257	97	18	177	-1034.2175
2261	121	6	270	-1036.0065
2265	72	27	190	-1038.349
2269	49	13	160	-1040.7535
2273	53	27	287	-1043.2405
2277	18	4	115	-1045.7765
2281	49	18	233	-1048.3885
2285	93	39	151	-1051.034
2289	68	36	180	-1053.521
2293	114	39	212	-1055.9955
2297	113	17	245	-1058.1325
2301	323	36	409	-1060.093
2305	272	33	342	-1061.8805
2309	278	32	298	-1063.556
2313	333	54	382	-1065.202
2317	212	54	240	-1066.8485
2321	325	129	361	-1068.527
2325	214	97	248	-1070.2575
2329	280	201	320	-1072.1445
2333	205	138	272	-1074.1875
2337	224	103	303	-1076.3195
2341	279	129	302	-1078.5625
2345	293	154	322	-1080.8045
2349	324	102	398	-1083.034
2353	184	72	202	-1085.295
2357	157	34	199	-1087.572
2361	247	104	302	-1089.8965
2365	230	54	287	-1092.315
2369	215	88	251	-1094.6145
2373	36	20	118	-1096.74
2377	0	0	2	-1098.842
2381	112	46	319	-1100.847
2385	135	71	336	-1102.768
2389	194	70	301	-1104.646
2393	326	186	374	-1106.542
2397	265	158	330	-1108.5295
2401	148	101	344	-1110.486
2405	228	155	300	-1112.423
2409	276	175	378	-1114.3355
2413	178	95	300	-1116.208
2417	1	0	10	-1118.117
2421	37	10	225	-1120.185
2425	59	23	336	-1122.3205
2429	38	5	289	-1124.699
2433	95	27	276	-1127.086
2437	122	46	199	-1129.615
2441	54	28	195	-1132.1875
2445	49	19	169	-1135.2085
2449	37	4	264	-1138.18
2453	143	66	243	-1141.203
2457	42	18	229	-1144.2195
2461	83	58	147	-1147.3835
2465	83	56	137	-1150.51
2469	74	38	191	-1152.0855
2473	85	45	145	-1153.625
2477	224	83	294	-1155.5145
2481	124	35	149	-1157.3615
2485	124	32	147	-1159.344
2489	116	49	138	-1161.325
2493	98	55	115	-1163.021
2497	627	400	694	-1164.708
2501	762	510	837	-1166.4545
2505	701	496	732	-1168.2445
2509	822	224	847	-1170.016
2513	836	215	899	-1171.7995
2517	860	166	923	-1174.7885
2521	771	129	805	-1177.962
2525	789	182	837	-1181.1445
2529	724	451	746	-1184.3185
2533	822	434	874	-1188.3765
2537	404	293	1137	-1192.7185
2541	1255	833	1649	-1196.6695
2545	2031	469	2600	-1200.454
2549	513	133	1043	-1204.659
2553	2326	1297	3286	-1209.053
2557	314	112	603	-1212.0915
2561	699	110	814	-1214.566
2565	470	133	855	-1217.0035
2569	740	177	832	-1219.4235
2573	720	387	754	-1221.8675
2577	706	276	742	-1224.3405
2581	760	322	778	-1226.6935
2585	814	301	830	-1229.0315
2589	841	228	854	-1231.0585
2593	687	203	703	-1232.9445
2597	691	191	703	-1234.718
2601	736	247	756	-1236.6165
2605	764	442	800	-1238.5045
2609	684	365	704	-1240.383
2613	622	369	681	-1242.3075
2617	510	426	870	-1244.2985
2621	401	295	868	-1246.1385
2625	2450	1260	3571	-1247.8655
2629	1461	171	2726	-1250.024
2633	1713	320	2497	-1252.819
2637	1672	886	2769	-1255.8925
2641	1218	822	1628	-1259.517
2645	1279	586	1510	-1262.943
2649	685	156	720	-1266.097
2653	630	175	702	-1270.5795
2657	690	98	720	-1277.8795
2661	710	252	735	-1284.194
2665	761	250	809	-1288.078
2669	977	483	1106	-1291.535
2673	291	152	796	-1293.801
2677	640	214	963	-1296.0825
2681	447	260	1207	-1298.4775
2685	434	241	1012	-1300.9065
2689	666	235	736	-1303.6235
2693	802	573	1378	-1306.181
2697	856	403	920	-1308.2825
2701	1196	464	1300	-1310.3805
2705	875	340	939	-1312.596
2709	844	335	908	-1314.809
2713	309	145	368	-1317.112
2717	255	72	333	-1319.398
2721	374	83	549	-1321.542
2725	48	31	322	-1323.923
2729	137	55	297	-1332.2015
2733	104	17	252	-1339.461
2737	229	20	427	-1341.943
2741	255	28	329	-1344.672
2745	227	34	263	-1346.4535
2749	293	65	339	-1348.2045
2753	671	294	741	-1349.9235
2757	789	347	889	-1351.6455
2761	627	395	733	-1353.246
2765	633	379	739	-1354.813
2769	621	331	758	-1356.5265
2773	652	366	753	-1358.275
2777	608	407	750	-1359.932
2781	513	322	618	-1361.605
2785	673	NA	761	-1363.183
