Vial	Age	Quartz
1	-1.5789	0.327957
3	-2.0987	0.16667
5	-3.5675	0.135718
7	-5.05815	0.112195
9	-6.54905	0.151276
11	-8.0397	0.294329
13	-8.82445	0.222065
15	-9.54475	0.296497
17	-10.1778	0.290751
19	-10.9004	0.284287
21	-11.8927	0.229832
23	-13.0517	0.234685
25	-14.1485	0.249407
27	-15.2415	0.25845
29	-15.8294	0.306092
31	-16.2302	0.299183
33	-16.63055	0.32827
35	-17.0312	0.312408
37	-17.5244	0.383237
39	-18.0638	0.360466
41	-18.6	0.345833
43	-19.1293	0.336618
45	-19.84275	0.321776
47	-20.7768	0.33549
49	-21.7145	0.312953
51	-22.5894	0.300217
53	-23.48575	0.389368
55	-24.3304	0.391822
57	-25.1749	0.343789
59	-26.03195	0.383497
61	-26.8357	0.306278
63	-27.54175	0.322817
65	-28.2461	0.36133
67	-28.9553	0.356924
69	-29.59315	0.344977
71	-30.05065	0.392359
73	-30.5021	0.323384
75	-30.9549	0.321894
77	-31.4786	0.361347
79	-32.2485	0.289911
81	-33.00755	0.396326
83	-33.7682	0.338013
85	-34.55765	0.289407
87	-35.50805	0.311183
89	-36.4615	0.299516
91	-37.41985	0.278524
93	-38.32235	0.2808
95	-38.78785	0.282731
97	-39.2524	0.344165
99	-39.71885	0.314198
101	-40.21455	0.384279
103	-40.87665	0.357414
105	-41.5375	0.335538
107	-42.19505	0.302972
109	-42.8593	0.342513
111	-43.6548	0.33071
113	-44.4464	0.308066
115	-45.24115	0.292791
117	-46.0366	0.336408
119	-46.83995	0.303615
121	-47.649	0.289878
123	-48.43885	0.300749
125	-49.24135	0.350775
127	-50.2533	0.338497
129	-51.29545	0.327118
131	-52.35185	0.313442
133	-53.38915	0.317692
135	-54.3248	0.274079
137	-55.24255	0.296385
139	-56.16105	0.307837
141	-57.08635	0.318795
143	-58.0956	0.322273
145	-59.1252	0.319694
147	-60.1614	0.31396
149	-61.20335	0.347703
151	-62.03465	0.314494
153	-62.7759	0.306595
155	-63.53795	0.374225
157	-64.2965	0.354455
159	-65.12165	0.364512
161	-66.0044	0.373755
163	-66.8845	0.401833
165	-67.76515	0.308477
167	-68.61695	0.369527
169	-69.46685	0.377032
171	-70.33185	0.346222
173	-71.18815	0.375755
174	-71.6122	0.344441
175	-72.0408	0.366255
176	-72.4648	0.32083
177	-72.88285	0.323806
178	-73.31325	0.27919
179	-73.73215	0.316778
180	-74.15855	0.283618
181	-74.5871	0.301751
182	-75.0044	0.294424
183	-75.4045	0.305878
184	-75.80565	0.276068
185	-76.20125	0.323552
186	-76.60565	0.283021
187	-76.996	0.295341
188	-77.3943	0.254252
189	-77.79	0.261097
190	-78.18015	0.275856
191	-78.5292	0.305438
192	-78.8641	0.293762
193	-79.196	0.327247
194	-79.5348	0.275038
195	-79.873	0.260832
196	-80.19	0.269845
197	-80.54485	0.292111
198	-80.87775	0.200533
199	-81.2155	0.218272
200	-81.56275	0.185423
201	-81.8998	0.228461
202	-82.2367	0.197917
203	-82.58285	0.207918
204	-82.9296	0.161589
205	-83.2674	0.168046
206	-83.6042	0.146702
207	-83.97765	0.161748
208	-84.36715	0.151785
209	-84.76815	0.215523
210	-85.17155	0.231716
211	-85.57615	0.277902
212	-85.9804	0.261245
213	-86.38485	0.289632
214	-86.7925	0.226501
215	-87.1898	0.258673
216	-87.6003	0.262417
217	-88.00535	0.289848
218	-88.42235	0.265283
219	-88.842	0.30554
220	-89.25885	0.253275
221	-89.6662	0.233002
222	-90.084	0.201856
223	-90.5196	0.247717
224	-91.04005	0.232978
225	-91.56205	0.27513
226	-92.0829	0.239538
227	-92.6063	0.277791
228	-93.1293	0.256377
229	-93.65285	0.282472
230	-94.1788	0.267978
231	-94.6863	0.271688
232	-95.1053	0.202598
233	-95.5252	0.23474
234	-95.9476	0.21871
235	-96.3614	0.263171
236	-96.78375	0.237552
237	-97.21385	0.242783
238	-97.6264	0.215193
239	-98.0382	0.233893
240	-98.4785	0.1979
241	-98.91525	0.207819
242	-99.3242	0.167245
243	-99.79165	0.151555
244	-100.23025	0.153057
245	-100.67275	0.156824
246	-101.1139	0.145215
247	-101.5547	0.104017
248	-101.9166	0.173835
249	-102.2676	0.19605
250	-102.6243	0.161191
251	-102.9788	0.196773
252	-103.3274	0.196647
253	-103.6874	0.256599
254	-104.03795	0.286603
255	-104.3903	0.302444
256	-104.745	0.17061
257	-105.10195	0.206833
258	-105.4634	0.156243
259	-105.8263	0.196862
260	-106.19065	0.179036
261	-106.5515	0.212763
262	-106.9183	0.220023
263	-107.28075	0.340249
264	-107.74685	0.285465
265	-108.26875	0.235121
266	-108.7978	0.152748
267	-109.3262	0.325093
268	-109.8521	0.226022
269	-110.374	0.256451
270	-110.89445	0.2581
271	-111.41755	0.263069
272	-111.9847	0.1943
273	-112.60695	0.237212
274	-113.2272	0.23082
275	-113.84205	0.249233
276	-114.45335	0.22679
277	-115.0729	0.208107
278	-115.68635	0.202055
279	-116.2999	0.209866
280	-116.93145	0.185813
281	-117.5965	0.277724
282	-118.2741	0.23171
283	-118.95695	0.213484
284	-119.6356	0.166611
285	-120.3088	0.18485
286	-120.97835	0.199348
287	-121.6387	0.16631
288	-122.29075	0.138906
289	-122.93015	0.120769
290	-123.58165	0.128956
291	-124.2302	0.122699
292	-124.8438	0.126126
293	-125.5389	0.0883194
294	-126.19555	0.0833301
295	-126.85895	0.0752032
296	-127.49935	0.134073
297	-128.06325	0.204549
298	-128.5892	0.241549
299	-129.18805	0.263347
300	-129.7491	0.25895
301	-130.31445	0.268175
302	-130.87765	0.275342
303	-131.44265	0.297807
304	-132.00725	0.274041
305	-132.48695	0.293593
306	-132.97415	0.304213
307	-133.4648	0.304799
308	-133.9441	0.298612
309	-134.42155	0.337479
310	-134.8703	0.27991
311	-135.37915	0.309343
312	-135.84825	0.297319
313	-136.29045	0.302889
314	-136.7294	0.308748
315	-137.20285	0.315679
316	-137.6156	0.34324
317	-138.05365	0.369244
319	-138.91755	0.301984
321	-139.8283	0.358065
323	-140.6	0.305558
325	-141.4523	0.332383
327	-142.2965	0.372618
329	-143.17425	0.365477
331	-143.947	0.369782
333	-144.7371	0.362622
335	-145.62215	0.429421
337	-146.4431	0.342876
339	-147.2443	0.339247
341	-148.05	0.340022
343	-148.85995	0.345686
345	-149.6383	0.332577
347	-150.29055	0.343602
349	-150.95055	0.331213
351	-151.6126	0.306654
353	-152.27495	0.309839
355	-152.979	0.366981
357	-153.68925	0.314391
359	-154.4122	0.316454
361	-155.1083	0.307697
363	-155.5102	0.316707
365	-155.9085	0.331118
367	-156.3082	0.326529
369	-156.70415	0.327892
371	-157.05425	0.297358
373	-157.4118	0.326286
375	-157.7673	0.292679
377	-158.1221	0.29593
379	-158.50695	0.326307
381	-158.88815	0.343939
383	-159.267	0.337473
385	-159.64295	0.373156
387	-160.0753	0.33266
389	-160.51735	0.352755
391	-160.9512	0.354865
393	-161.375	0.3504
395	-161.8146	0.355737
397	-162.26125	0.338319
399	-162.7037	0.329006
401	-163.14255	0.335844
403	-163.62625	0.400562
405	-164.12255	0.313978
407	-164.62605	0.330301
409	-165.1314	0.315988
411	-165.6326	0.307158
413	-166.1286	0.292838
415	-166.6318	0.293717
417	-167.1151	0.300338
419	-167.58645	0.296557
421	-168.0568	0.302902
423	-168.52645	0.318869
425	-169.00535	0.28545
427	-169.4674	0.288633
429	-169.9233	0.287957
431	-170.37495	0.319876
433	-170.82795	0.344849
435	-171.27055	0.342282
437	-171.721	0.326189
439	-172.15965	0.329197
441	-172.60685	0.341783
443	-173.06695	0.320157
445	-173.55185	0.33121
447	-174.04545	0.319396
449	-174.53755	0.325913
451	-175.0121	0.324175
453	-175.45855	0.304503
455	-175.91625	0.301958
457	-176.3753	0.305403
459	-176.81905	0.287104
461	-177.2208	0.264922
463	-177.62975	0.261279
465	-178.0325	0.255484
467	-178.44555	0.337227
469	-178.87145	0.27235
471	-179.29735	0.289444
473	-179.724	0.262876
477	-180.6387	0.289081
479	-181.12455	0.32385
481	-181.6072	0.332049
483	-182.08615	0.320755
485	-182.6283	0.317107
487	-183.16725	0.351616
489	-183.69415	0.324382
491	-184.21135	0.309438
493	-184.65405	0.326881
495	-185.09695	0.331276
497	-185.53835	0.269731
499	-185.9784	0.295616
501	-186.5075	0.316417
503	-187.0456	0.277929
505	-187.577	0.31808
507	-188.11895	0.298447
509	-188.5998	0.290701
511	-189.1071	0.306048
513	-189.60765	0.299381
515	-190.0853	0.303095
517	-190.5697	0.278707
519	-191.03475	0.300051
521	-191.51695	0.30163
523	-191.99575	0.287219
525	-192.4736	0.292897
527	-192.9428	0.302318
529	-193.4274	0.259897
531	-193.9038	0.26834
533	-194.4242	0.279233
535	-194.9647	0.222656
537	-195.50855	0.312663
539	-196.0469	0.299124
541	-196.65175	0.223974
543	-197.28775	0.270365
545	-197.91425	0.245024
547	-198.55195	0.252642
549	-199.13565	0.242566
551	-199.69495	0.282952
553	-200.24835	0.156985
555	-200.80775	0.154038
557	-201.3574	0.134486
559	-201.8892	0.153336
561	-202.4313	0.199132
563	-202.97095	0.271209
565	-203.52945	0.256228
567	-204.1151	0.263077
569	-204.69755	0.247533
571	-205.29295	0.294849
573	-206.1052	0.238402
575	-207.2228	0.241079
577	-208.3335	0.248441
579	-209.4367	0.240206
581	-210.4645	0.21233
583	-211.36655	0.195524
585	-212.25745	0.171187
587	-213.15215	0.171457
589	-214.11995	0.159469
591	-215.262	0.148615
593	-216.40255	0.165226
595	-217.5321	0.191527
597	-218.6878	0.298956
599	-219.96755	0.307339
601	-221.25125	0.30312
603	-222.56495	0.313379
605	-223.793	0.338327
607	-224.6245	0.332852
609	-225.4518	0.312714
611	-226.2721	0.302783
613	-227.05845	0.312317
615	-228.0273	0.318121
617	-228.3832	0.29851
619	-229.04555	0.321466
621	-229.711	0.281598
623	-230.39835	0.211046
625	-231.08715	0.344746
627	-231.78505	0.331641
629	-232.4559	0.351461
631	-233.15105	0.286274
633	-233.8522	0.330935
635	-234.5446	0.27865
637	-235.2372	0.295372
639	-235.8805	0.282468
641	-236.51855	0.276211
643	-237.1628	0.227742
645	-237.7998	0.17738
647	-238.5312	0.155932
649	-239.26705	0.143627
651	-239.9861	0.138401
653	-240.7127	0.135979
655	-241.32175	0.212249
657	-241.91665	0.327514
659	-242.5091	0.360767
661	-243.1036	0.393203
663	-243.72885	0.31954
665	-244.37275	0.35846
667	-245.0279	0.317937
669	-245.693	0.344581
671	-246.31985	0.281235
673	-246.9352	0.266011
675	-247.55365	0.297964
677	-248.18005	0.307591
679	-248.9041	0.339741
681	-249.68525	0.311039
683	-250.43815	0.310238
685	-251.1956	0.301769
687	-251.9927	0.303817
689	-252.8258	0.317095
691	-253.6584	0.320226
693	-254.4933	0.314352
695	-255.36515	0.292999
697	-256.29085	0.266637
699	-257.2241	0.305416
701	-258.1437	0.28127
703	-259.09145	0.308421
705	-260.07335	0.302461
707	-261.06125	0.299362
709	-262.0322	0.317351
711	-262.942	0.330313
713	-263.7639	0.338439
715	-264.5836	0.308692
717	-265.41485	0.324671
719	-266.22145	0.338063
721	-267.02265	0.342025
723	-267.8192	0.374957
725	-268.6173	0.396134
727	-269.42335	0.349695
729	-270.3201	0.339153
731	-271.10325	0.398647
733	-271.95225	0.374547
735	-272.78525	0.404415
737	-273.55205	0.314758
739	-274.3203	0.384652
741	-275.12945	0.368139
743	-275.828	0.377729
745	-276.5199	0.345276
747	-277.2131	0.31839
749	-277.89115	0.367206
751	-278.57965	0.325337
753	-279.29375	0.373979
755	-280.0096	0.368301
757	-280.7247	0.355759
759	-281.43105	0.281864
761	-282.10625	0.279712
763	-282.77925	0.272099
765	-283.4576	0.287045
767	-284.1448	0.278682
769	-284.9992	0.280887
771	-285.8525	0.23247
773	-286.71635	0.23528
775	-287.5801	0.190769
777	-288.4365	0.178181
779	-289.28545	0.158645
781	-290.13465	0.154239
783	-290.96615	0.183142
785	-291.7247	0.210195
787	-292.4742	0.221239
789	-293.2335	0.252153
791	-293.9926	0.306189
793	-294.7364	0.282657
795	-295.48955	0.313495
797	-296.25155	0.319442
799	-297.00465	0.309786
801	-297.6403	0.301045
803	-298.26905	0.28357
805	-298.88055	0.282284
807	-299.46765	0.279013
809	-300.04145	0.319445
811	-300.6178	0.301922
813	-301.1976	0.293086
815	-301.77605	0.290246
817	-302.36375	0.301406
819	-302.966	0.266741
821	-303.58165	0.266985
823	-304.15405	0.235468
825	-304.78535	0.311143
827	-305.44965	0.302738
829	-306.112	0.258493
831	-306.7705	0.228482
833	-307.43015	0.248213
835	-308.0942	0.233987
837	-308.75555	0.214838
839	-309.4116	0.229694
841	-310.04175	0.292409
843	-310.62165	0.225144
845	-311.21735	0.192277
847	-311.77455	0.254416
849	-312.35545	0.218545
851	-312.95835	0.198275
853	-313.56065	0.192343
855	-314.16345	0.196306
857	-314.76275	0.180753
859	-315.3717	0.194214
861	-315.9959	0.184919
863	-316.6112	0.174675
865	-317.2494	0.218333
867	-317.9889	0.185706
869	-318.73285	0.273496
871	-319.48555	0.286621
873	-320.2302	0.281369
875	-321.0116	0.246799
877	-321.79765	0.249335
879	-322.57545	0.21329
881	-323.3653	0.191895
883	-324.28965	0.197424
885	-325.2132	0.175541
887	-326.1176	0.126128
889	-327.01535	0.133234
891	-327.9855	0.122189
893	-328.9673	0.130838
895	-329.93925	0.136811
897	-330.91875	0.148284
899	-331.88715	0.172694
901	-332.8423	0.224081
903	-333.8121	0.273428
905	-334.77375	0.254603
907	-335.77745	0.278672
909	-336.7928	0.327403
911	-337.80575	0.330408
913	-338.8096	0.333959
915	-339.89595	0.345777
917	-340.9967	0.334018
919	-342.09015	0.347876
921	-343.1826	0.370095
923	-344.24125	0.327537
925	-345.28855	0.331717
927	-346.34905	0.367671
929	-347.39635	0.348995
931	-348.40225	0.300723
933	-349.3897	0.305466
935	-350.39075	0.345588
937	-351.3808	0.2917
939	-352.4045	0.287224
941	-353.43845	0.296199
943	-354.48335	0.283479
945	-355.5178	0.302302
947	-356.5779	0.288645
949	-357.66595	0.22245
951	-358.75385	0.334603
953	-359.8555	0.322881
955	-360.9415	0.338172
957	-362.00405	0.348362
959	-363.0618	0.348815
961	-364.12535	0.32611
963	-365.06565	0.335914
965	-365.85845	0.367237
967	-366.6583	0.302331
969	-367.45815	0.327651
971	-368.35325	0.293586
973	-369.3984	0.307665
975	-370.44375	0.325283
977	-371.4994	0.293853
979	-372.6361	0.306399
981	-373.96795	0.263434
983	-375.2954	0.269544
985	-376.64275	0.309933
987	-378.0665	0.220786
989	-379.78525	0.256723
991	-381.50295	0.214297
993	-383.21115	0.269845
995	-384.86595	0.272374
997	-386.3481	0.231931
999	-387.841	0.223452
1001	-389.3464	0.25582
1003	-390.81085	0.215673
1005	-391.9041	0.287097
1007	-392.99755	0.316281
1009	-394.0871	0.327759
1011	-395.1329	0.278194
1013	-395.78325	0.254569
1015	-396.43445	0.216128
1017	-397.0735	0.215876
1019	-397.70585	0.144356
1021	-398.4591	0.133268
1023	-399.21495	0.190462
1025	-399.9663	0.208808
1027	-400.73185	0.306405
1029	-401.5419	0.254607
1031	-402.36755	0.176618
1033	-403.17765	0.162794
1035	-403.9978	0.178777
1037	-405.0244	0.220113
1039	-406.1073	0.295805
1041	-407.1875	0.302035
1043	-408.25975	0.206305
1045	-409.05175	0.235755
1047	-409.7908	0.19908
1049	-410.5428	0.166633
1051	-411.3001	0.158898
1053	-412.21305	0.114802
1055	-413.18695	0.085515
1057	-414.16015	0.121154
1059	-415.13255	0.0996198
1061	-415.96885	0.105267
1063	-416.7494	0.0704688
1065	-417.52195	0.109397
1067	-418.2996	0.116605
1069	-419.20655	0.101988
1071	-420.21275	0.116224
1073	-421.20705	0.130512
1075	-422.20735	0.139319
1077	-423.1112	0.149417
1079	-423.95295	0.224775
1081	-424.79225	0.197206
1083	-425.644	0.253172
1085	-426.56155	0.280537
1087	-427.53195	0.295176
1089	-428.5015	0.321146
1091	-429.49525	0.337242
1093	-430.43495	0.352569
1095	-431.3223	0.34579
1097	-432.2262	0.353768
1099	-433.1373	0.359556
1101	-434.3699	0.321476
1103	-436.12805	0.376604
1105	-437.89185	0.36777
1107	-439.65095	0.339034
1109	-441.30195	0.287944
1111	-442.7299	0.333177
1113	-444.149	0.288054
1115	-445.59535	0.305738
1117	-446.9891	0.318425
1119	-448.2016	0.287566
1121	-449.43795	0.350878
1123	-450.6738	0.317008
1125	-451.9229	0.273471
1127	-453.1935	0.259531
1129	-454.6388	0.317786
1131	-455.9965	0.326756
1133	-457.28935	0.297037
1135	-458.16445	0.30487
1137	-459.05375	0.369074
1139	-459.9206	0.30241
1141	-460.78305	0.374635
1143	-461.6229	0.28478
1145	-462.4634	0.284563
1147	-463.3066	0.31752
1149	-464.14855	0.258596
1151	-465.14675	0.24636
1153	-466.1512	0.325356
1155	-467.1645	0.296973
1157	-468.175	0.267991
1159	-468.98015	0.288725
1161	-469.78485	0.312927
1163	-470.57495	0.320714
1165	-471.366	0.325175
1167	-472.05275	0.296263
1169	-472.73835	0.31183
1171	-473.4213	0.289875
1173	-474.1085	0.35568
1175	-474.8409	0.204051
1177	-475.58765	0.235032
1179	-476.3302	0.276442
1181	-477.062	0.252754
1183	-477.83445	0.298171
1185	-478.6172	0.229866
1187	-479.39735	0.186453
1189	-480.1774	0.153702
1191	-480.8448	0.204623
1193	-481.4401	0.277089
1195	-482.0485	0.254401
1197	-482.6582	0.25921
1199	-483.36555	0.174873
1201	-484.1295	0.14863
1203	-484.89575	0.178239
1205	-485.66515	0.122459
1207	-486.4407	0.113238
1209	-487.2209	0.120124
1211	-487.99245	0.115335
1213	-488.75735	0.119635
1215	-489.573	0.140404
1217	-490.4421	0.113151
1219	-491.3261	0.118931
1221	-492.19595	0.116036
1223	-493.23035	0.107346
1225	-494.49415	0.114318
1227	-495.7652	0.132395
1229	-497.0151	0.14644
1231	-498.285	0.169812
1233	-499.5791	0.122564
1235	-500.877	0.100546
1237	-502.18295	0.104647
1239	-503.6783	0.070109
1241	-505.58365	0.104312
1243	-507.50365	0.100511
1245	-509.4285	0.118803
1247	-511.17615	0.278492
1249	-512.42375	0.0840113
1251	-513.68165	0.198643
1253	-514.93715	0.203679
1255	-516.14935	0.10964
1257	-517.1798	0.187787
1259	-518.22545	0.277171
1261	-519.2524	0.266947
1263	-520.28325	0.143394
1265	-521.44665	0.239484
1267	-522.60045	0.183185
1269	-523.78255	0.148149
1271	-524.94795	0.111797
1273	-526.12985	0.120741
1275	-527.31965	0.113898
1277	-528.51715	0.116887
1279	-529.69885	0.233977
1281	-530.4084	0.129434
1283	-531.1238	0.127105
1285	-531.8524	0.182743
1287	-532.56985	0.243047
1289	-533.14995	0.20381
1291	-533.72535	0.302028
1293	-534.3044	0.247773
1295	-534.8724	0.289014
1297	-535.4705	0.2838
1299	-536.074	0.271798
1301	-536.6868	0.288202
1303	-537.2918	0.34011
1305	-538.4114	0.328423
1307	-539.63835	0.217332
1309	-540.85055	0.209928
1311	-542.06175	0.182842
1313	-543.10225	0.190027
1315	-544.1272	0.179365
1317	-545.1025	0.190435
1319	-546.1082	0.170432
1321	-547.15765	0.206413
1323	-548.24255	0.214521
1325	-549.32675	0.210765
1327	-550.39945	0.213351
1329	-551.427	0.237828
1331	-552.4734	0.215721
1333	-553.5221	0.229431
1335	-554.5663	0.209637
1337	-555.55185	0.193065
1339	-556.48975	0.204468
1341	-557.4369	0.300884
1343	-558.37905	0.246372
1345	-559.28565	0.163979
1347	-560.1673	0.205975
1349	-561.0679	0.203855
1351	-561.9498	0.195651
1353	-562.73415	0.194876
1355	-563.41775	0.177509
1357	-564.10265	0.177331
1359	-564.7746	0.210455
1361	-565.42795	0.326376
1363	-566.0885	0.232233
1365	-566.74525	0.299058
1367	-567.39395	0.317171
1369	-568.052	0.267673
1371	-568.74265	0.241958
1373	-569.4432	0.276357
1375	-570.1373	0.223888
1377	-570.84265	0.242833
1379	-571.5694	0.242251
1381	-572.3065	0.215932
1383	-573.05405	0.177066
1385	-573.78985	0.17319
1387	-574.52705	0.151689
1389	-575.2536	0.153778
1391	-575.98895	0.137336
1393	-576.71055	0.130728
1395	-577.4314	0.137731
1397	-578.1673	0.150651
1399	-578.8938	0.095372
1401	-579.6153	0.145476
1403	-580.26465	0.191469
1405	-580.9183	0.253687
1407	-581.57255	0.28409
1409	-582.2212	0.278005
1411	-582.8992	0.293947
1413	-583.5847	0.287299
1415	-584.2766	0.276621
1417	-584.9619	0.300151
1419	-585.81895	0.243193
1421	-586.69265	0.235267
1423	-587.5664	0.238193
1425	-588.4251	0.188474
1427	-589.2035	0.179047
1429	-589.97775	0.152564
1431	-590.74765	0.225215
1433	-591.4877	0.175908
1435	-592.35485	0.185325
1437	-593.21825	0.177708
1439	-594.0975	0.168309
1441	-594.951	0.179269
1443	-595.92235	0.142244
1445	-596.94565	0.179192
1447	-597.9652	0.206115
1449	-598.9856	0.189043
1451	-599.8832	0.138248
1453	-600.72555	0.141109
1455	-601.57185	0.131916
1457	-602.4342	0.204593
1459	-603.25135	0.221527
1461	-604.0267	0.191629
1463	-604.8601	0.133544
1465	-605.67075	0.123476
1467	-606.5253	0.116754
1469	-607.4306	0.115287
1471	-608.31655	0.125877
1473	-609.19405	0.116317
1475	-610.0022	0.0955029
1477	-610.73605	0.105242
1479	-611.482	0.0969257
1481	-612.2341	0.132392
1483	-612.97645	0.116415
1485	-613.72475	0.124973
1487	-614.46765	0.101613
1489	-615.21215	0.107474
1491	-615.96355	0.111292
1493	-616.73505	0.0987386
1495	-617.49935	0.0928043
1497	-618.28375	0.087614
1499	-619.0362	0.109593
1501	-619.757	0.13011
1503	-620.48455	0.163937
1505	-621.20705	0.164484
1507	-621.9435	0.228603
1509	-622.71895	0.251797
1511	-623.51025	0.269838
1513	-624.305	0.253567
1515	-625.0887	0.2751
1517	-625.8435	0.285312
1519	-626.59185	0.287896
1521	-627.35595	0.276691
1523	-628.14435	0.296951
1525	-629.019	0.275281
1527	-629.89025	0.303571
1529	-630.7531	0.267199
1531	-631.62805	0.2865
1533	-632.68145	0.302405
1535	-633.7246	0.299574
1537	-634.7525	0.307879
1539	-635.783	0.323599
1541	-636.58895	0.339042
1543	-637.3959	0.25462
1545	-638.21245	0.255388
1547	-639.01225	0.260592
1549	-640.0841	0.247391
1551	-641.1658	0.23978
1553	-642.25215	0.2743
1555	-643.31995	0.263295
1557	-644.3421	0.284254
1559	-645.3474	0.238601
1561	-646.3597	0.277248
1563	-647.36485	0.278159
1565	-648.36055	0.292152
1567	-649.34995	0.277986
1569	-650.3394	0.273578
1571	-651.3316	0.199403
1573	-652.12985	0.290461
1575	-652.88775	0.307632
1577	-653.6375	0.336209
1579	-654.39995	0.345813
1581	-655.4694	0.350944
1583	-656.66575	0.346162
1585	-657.84415	0.292174
1587	-659.013	0.316867
1589	-660.24895	0.355041
1591	-661.51545	0.269231
1593	-662.77385	0.323508
1595	-664.0372	0.3436
1597	-665.21015	0.28031
1599	-666.3381	0.235383
1601	-667.4497	0.294034
1603	-668.5773	0.197078
1605	-669.6726	0.167948
1607	-670.7631	0.268047
1609	-671.85885	0.243955
1611	-672.9603	0.224164
1613	-674.01665	0.268468
1615	-675.0134	0.267711
1617	-676.0177	0.195727
1619	-677.0364	0.283291
1621	-678.7024	0.269382
1623	-681.9729	0.275088
1625	-684.6869	0.200173
1627	-687.3989	0.149905
1629	-689.8321	0.228794
1631	-692.0121	0.14349
1633	-694.1879	0.0982095
1635	-696.3701	0.0959649
1637	-698.13235	0.112263
1639	-699.386	0.138042
1641	-700.6171	0.129993
1643	-701.85865	0.183077
1645	-703.15275	0.138297
1647	-704.571	0.193866
1649	-705.98165	0.144514
1651	-707.3993	0.140061
1653	-708.8312	0.135419
1655	-710.3118	0.158755
1657	-711.7987	0.203567
1659	-713.2875	0.242158
1661	-714.83745	0.305595
1663	-716.58295	0.293208
1665	-718.3409	0.290578
1667	-720.1116	0.301582
1669	-721.6754	0.306791
1671	-722.5639	0.342933
1673	-723.45545	0.334715
1675	-724.3433	0.362951
1677	-725.2616	0.264794
1679	-726.3864	0.31435
1681	-727.5218	0.269525
1683	-728.65935	0.308992
1685	-729.77235	0.311745
1687	-730.8667	0.292874
1689	-731.9902	0.174795
1691	-733.0999	0.200957
1693	-734.2252	0.147153
1695	-735.33655	0.198192
1697	-736.4558	0.190612
1699	-737.57565	0.26016
1701	-738.6909	0.22049
1703	-739.5099	0.220384
1705	-740.3012	0.273791
1707	-741.08735	0.193038
1709	-741.87025	0.199122
1711	-742.57265	0.201549
1713	-743.2696	0.219516
1715	-743.97795	0.25276
1717	-744.6687	0.279295
1719	-745.46585	0.362079
1721	-746.29225	0.352104
1723	-747.11755	0.344271
1725	-747.93215	0.265671
1727	-748.7907	0.290373
1729	-749.67625	0.306086
1731	-750.5554	0.283955
1733	-751.4399	0.319424
1735	-752.2211	0.325762
1737	-752.97645	0.296952
1739	-753.73745	0.263262
1741	-754.5088	0.294
1743	-755.316	0.319371
1745	-756.1336	0.323363
1747	-756.9505	0.30536
1749	-757.76805	0.330767
1751	-758.6104	0.188682
1753	-759.47915	0.21538
1755	-760.3494	0.272557
1757	-761.21415	0.336645
1759	-762.1078	0.307235
1761	-763.02035	0.260029
1763	-763.92785	0.175704
1765	-764.8346	0.32249
1767	-765.7148	0.32188
1769	-766.6031	0.31295
1771	-767.49105	0.204513
1773	-768.3851	0.210467
1775	-769.28705	0.157406
1777	-770.2044	0.185867
1779	-771.12815	0.285367
1781	-772.07035	0.228409
1783	-773.13715	0.200653
1785	-774.4643	0.197642
1787	-775.78095	0.165427
1789	-777.0981	0.138206
1791	-778.48195	0.136302
1793	-780.0606	0.116422
1795	-781.5826	0.0979526
1797	-783.2102	0.11246
1799	-784.72585	0.135687
1801	-786.0715	0.165158
1803	-787.4325	0.214343
1805	-788.80075	0.252679
1807	-790.09015	0.284259
1809	-790.9665	0.279714
1811	-791.86345	0.277047
1813	-792.74425	0.257271
1815	-793.6512	0.271276
1817	-794.9765	0.330776
1819	-796.30375	0.32143
1821	-797.62705	0.259675
1823	-798.9446	0.293368
1825	-800.24405	0.27311
1827	-801.54775	0.26357
1829	-802.84885	0.330141
1831	-804.14535	0.266268
1833	-805.52925	0.268058
1835	-806.9217	0.280116
1837	-808.32905	0.265401
1839	-809.7291	0.199596
1841	-810.89175	0.247188
1843	-812.02545	0.218319
1845	-813.15735	0.221682
1847	-814.28925	0.236931
1849	-815.33	0.200676
1851	-816.36055	0.192235
1853	-817.3867	0.152116
1855	-818.418	0.148898
1857	-819.36005	0.122726
1859	-820.27945	0.113011
1861	-821.19775	0.125156
1863	-822.1217	0.162341
1865	-822.9437	0.2027
1867	-823.7287	0.212139
1869	-824.50265	0.154108
1871	-825.2723	0.163021
1873	-826.13785	0.134281
1875	-827.05525	0.143746
1877	-827.97375	0.163619
1879	-828.9098	0.24367
1881	-830.15225	0.240325
1883	-831.6285	0.171369
1885	-833.1057	0.138474
1887	-834.56925	0.119587
1889	-836.32035	0.210258
1891	-838.3221	0.147923
1893	-840.32195	0.116144
1895	-842.30295	0.105585
1897	-844.27915	0.102158
1899	-846.31255	0.143571
1901	-848.229	0.14812
1903	-850.23595	0.207407
1905	-852.24325	0.167398
1907	-854.3006	0.174564
1909	-856.3425	0.113137
1911	-858.3814	0.112794
1913	-860.3957	0.0875551
1915	-862.37565	0.124905
1917	-864.3502	0.130269
1919	-866.3477	0.159037
1921	-868.14435	0.188289
1923	-869.3543	0.253425
1925	-870.56105	0.246165
1927	-871.7611	0.24904
1929	-872.9032	0.307484
1931	-873.781	0.258188
1933	-874.65855	0.303032
1935	-875.54125	0.244258
1937	-876.43965	0.235878
1939	-877.5086	0.293582
1941	-878.5754	0.318975
1943	-879.65195	0.28388
1945	-880.7031	0.279369
1947	-881.6687	0.260294
1949	-882.6304	0.33647
1951	-883.60925	0.260961
1953	-884.5631	0.327637
1955	-885.6116	0.227
1957	-886.66125	0.252654
1959	-887.72545	0.268383
1961	-888.7826	0.222795
1963	-890.31165	0.252453
1965	-891.88275	0.274349
1967	-893.44085	0.208528
1969	-894.99485	0.252201
1971	-896.8711	0.205308
1973	-898.7944	0.246451
1975	-900.6988	0.204654
1977	-902.6048	0.189314
1979	-904.38425	0.190959
1981	-906.16625	0.174926
1983	-907.9542	0.174324
1985	-909.7202	0.206002
1987	-911.94245	0.23775
1989	-914.30825	0.268622
1991	-916.69205	0.276123
1993	-919.0874	0.307517
1995	-920.32115	0.322709
1997	-921.10345	0.331231
1999	-921.8647	0.333303
2001	-922.6238	0.327899
2003	-923.34335	0.336013
2005	-924.04	0.288235
2007	-924.73775	0.318617
2009	-925.44295	0.327437
2011	-926.2007	0.219294
2013	-927.01585	0.266478
2015	-927.8427	0.237222
2017	-928.65645	0.205166
2019	-929.4581	0.21029
2021	-930.2521	0.211344
2023	-931.04095	0.245384
2025	-931.83775	0.227746
2027	-932.62865	0.197486
2029	-933.4222	0.219179
2031	-934.2264	0.272335
2033	-935.0292	0.330817
2035	-935.84805	0.338594
2037	-936.70695	0.199223
2039	-937.56805	0.204201
2041	-938.4111	0.228658
2043	-939.2421	0.15054
2045	-940.0253	0.209668
2047	-940.804	0.151801
2049	-941.5827	0.227383
2051	-942.40105	0.248283
2053	-943.26675	0.17384
2055	-944.12095	0.158662
2057	-944.97595	0.223214
2059	-945.83945	0.216921
2061	-946.76025	0.216373
2063	-947.681	0.139645
2065	-948.59765	0.104535
2067	-949.48855	0.10947
2069	-950.335	0.112753
2071	-951.1868	0.158917
2073	-952.0349	0.169731
2075	-952.8795	0.147085
2077	-953.83915	0.110534
2079	-954.7946	0.108222
2081	-955.74975	0.171356
2083	-956.75485	0.167116
2085	-957.62065	0.170895
2087	-958.55115	0.220628
2089	-959.49625	0.232859
2091	-960.4394	0.264305
2093	-961.2461	0.225004
2095	-962.0654	0.278134
2097	-962.8904	0.250172
2099	-963.69715	0.28525
2101	-964.40455	0.317904
2103	-965.09815	0.355895
2105	-965.7817	0.359589
2107	-966.45885	0.310848
2109	-967.0953	0.300411
2111	-967.7183	0.286306
2113	-968.3412	0.282191
2115	-968.95885	0.286687
2117	-969.59465	0.265182
2119	-970.22665	0.272755
2121	-970.862	0.210034
2123	-971.4929	0.265654
2125	-972.1285	0.280423
2127	-972.78135	0.348123
2129	-973.44305	0.30428
2131	-974.0936	0.241848
2133	-974.7663	0.240658
2135	-975.445	0.286851
2137	-976.083	0.242401
2139	-976.79975	0.285061
2141	-977.42655	0.243648
2143	-978.0214	0.321868
2145	-978.6277	0.266739
2147	-979.2331	0.270441
2149	-979.80455	0.238849
2151	-980.3548	0.233374
2153	-980.9072	0.290468
2155	-981.4593	0.204956
2157	-982.0408	0.309976
2159	-982.6675	0.242733
2163	-983.9493	0.211573
2165	-984.71205	0.217302
2167	-985.69135	0.269651
2169	-986.68085	0.181974
2171	-987.65195	0.212098
2173	-988.8569	0.205193
2175	-990.5617	0.195156
2177	-992.2506	0.141522
2179	-993.9235	0.172196
2181	-995.60965	0.180453
2183	-997.4072	0.16374
2185	-999.22635	0.165804
2187	-1001.0475	0.240481
2191	-1004.182	0.291408
2193	-1005.615	0.330089
2195	-1007.065	0.297299
2197	-1008.4055	0.284647
2199	-1009.3285	0.290201
2201	-1010.2465	0.272552
2203	-1011.1585	0.278948
2205	-1012.057	0.314646
2207	-1012.938	0.277029
2209	-1013.814	0.306025
2211	-1014.6905	0.265102
2213	-1015.564	0.246076
2215	-1016.4435	0.179029
2217	-1017.316	0.206222
2219	-1018.19	0.261759
2221	-1019.058	0.3035
2223	-1019.964	0.306445
2225	-1020.8565	0.238104
2227	-1021.743	0.191014
2229	-1022.635	0.156488
2231	-1023.4835	0.144604
2233	-1024.343	0.142385
2235	-1025.1995	0.139503
2237	-1026.052	0.150335
2239	-1026.8985	0.148198
2241	-1027.75	0.194243
2243	-1028.609	0.172438
2245	-1029.4685	0.168407
2247	-1030.239	0.174741
2249	-1030.9785	0.212139
2251	-1031.7225	0.237414
2253	-1032.488	0.234864
2255	-1033.337	0.244135
2257	-1034.2175	0.233335
2259	-1035.1115	0.23655
2261	-1036.0065	0.239985
2263	-1037.1185	0.231994
2265	-1038.349	0.254619
2267	-1039.5525	0.27667
2269	-1040.7535	0.309369
2271	-1041.987	0.240472
2273	-1043.2405	0.402829
2275	-1044.502	0.371122
2277	-1045.7765	0.371799
2279	-1047.0685	0.383923
2281	-1048.3885	0.371614
2283	-1049.7105	0.310949
2285	-1051.034	0.228104
2287	-1052.3025	0.354165
2289	-1053.521	0.301271
2291	-1054.748	0.313283
2293	-1055.9955	0.354207
2295	-1057.146	0.295364
2297	-1058.1325	0.294667
2299	-1059.119	0.342572
2301	-1060.093	0.30571
2303	-1061.0295	0.23418
2305	-1061.8805	0.258795
2307	-1062.718	0.211159
2309	-1063.556	0.177389
2311	-1064.377	0.169942
2313	-1065.202	0.17691
2315	-1066.0175	0.156204
2317	-1066.8485	0.17198
2319	-1067.6795	0.149707
2321	-1068.527	0.0903309
2323	-1069.3965	0.139349
2325	-1070.2575	0.111585
2327	-1071.13	0.0713488
2329	-1072.1445	0.0783999
2331	-1073.1585	0.0955802
2335	-1075.208	0.10889
2337	-1076.3195	0.102637
2339	-1077.4405	0.166295
2341	-1078.5625	0.174126
2343	-1079.67	0.112739
2345	-1080.8045	0.126406
2347	-1081.9215	0.12257
2349	-1083.034	0.140404
2351	-1084.145	0.158032
2353	-1085.295	0.163207
2355	-1086.435	0.152025
2357	-1087.572	0.216913
2359	-1088.6945	0.184584
2361	-1089.8965	0.212823
2363	-1091.103	0.237535
2365	-1092.315	0.265575
2367	-1093.53	0.281653
2369	-1094.6145	0.321702
2371	-1095.6745	0.371699
2373	-1096.74	0.376434
2375	-1097.8205	0.373987
2377	-1098.842	0.310381
2379	-1099.85	0.390473
2381	-1100.847	0.284692
2383	-1101.8215	0.348278
2385	-1102.768	0.322579
2387	-1103.711	0.340037
2389	-1104.646	0.284373
2391	-1105.5875	0.20271
2393	-1106.542	0.154671
2395	-1107.5425	0.156562
2397	-1108.5295	0.144252
2399	-1109.583	0.150628
2401	-1110.486	0.202389
2403	-1111.4665	0.158957
2405	-1112.423	0.153784
2407	-1113.3895	0.185533
2409	-1114.3355	0.211095
2411	-1115.272	0.226777
2413	-1116.208	0.263325
2415	-1117.14	0.38567
2417	-1118.117	0.348507
2419	-1119.151	0.333288
2421	-1120.185	0.300063
2423	-1121.228	0.351841
2425	-1122.3205	0.271875
2427	-1123.509	0.276185
2429	-1124.699	0.308608
2431	-1125.884	0.295358
2433	-1127.086	0.253661
2435	-1128.3495	0.280958
2437	-1129.615	0.260633
2439	-1130.8735	0.261862
2441	-1132.1875	0.224667
2443	-1133.699	0.258064
2445	-1135.2085	0.281649
2447	-1136.696	0.258594
2449	-1138.18	0.297621
2451	-1139.689	0.208689
2453	-1141.203	0.264898
2455	-1142.7075	0.301263
2457	-1144.2195	0.207776
2459	-1145.7995	0.224783
2461	-1147.3835	0.176128
2463	-1148.9665	0.181681
2465	-1150.51	0.312775
2467	-1151.304	0.286177
2469	-1152.0855	0.321792
2471	-1152.8605	0.204975
2473	-1153.625	0.16165
2475	-1154.5735	0.153609
2477	-1155.5145	0.171408
2479	-1156.443	0.12651
2481	-1157.3615	0.153228
2483	-1158.3485	0.175463
2485	-1159.344	0.169333
2487	-1160.3445	0.172088
2489	-1161.325	0.129827
2491	-1162.184	0.119447
2493	-1163.021	0.118506
2495	-1163.867	0.134394
2497	-1164.708	0.119741
2499	-1165.5765	0.096834
2501	-1166.4545	0.112595
2503	-1167.3465	0.138692
2505	-1168.2445	0.156992
2507	-1169.121	0.132179
2509	-1170.016	0.0963025
2511	-1170.91	0.14292
2513	-1171.7995	0.120343
2515	-1173.171	0.108719
2517	-1174.7885	0.127177
2519	-1176.3765	0.152098
2521	-1177.962	0.138995
2523	-1179.5535	0.139561
2525	-1181.1445	0.14031
2527	-1182.74	0.147487
2529	-1184.3185	0.162626
2531	-1186.2185	0.171446
2533	-1188.3765	0.177738
2535	-1190.5405	0.217449
2537	-1192.7185	0.257536
2539	-1194.745	0.228439
2541	-1196.6695	0.209941
2543	-1198.5635	0.26838
2545	-1200.454	0.216382
2547	-1202.474	0.193236
2549	-1204.659	0.240201
2551	-1206.855	0.239444
2553	-1209.053	0.277403
2555	-1210.863	0.330497
2557	-1212.0915	0.282042
2559	-1213.336	0.298862
2561	-1214.566	0.162144
2563	-1215.7805	0.343015
2565	-1217.0035	0.354082
2567	-1218.2175	0.309481
2569	-1219.4235	0.270632
2571	-1220.637	0.170693
2573	-1221.8675	0.312563
2575	-1223.1005	0.213293
2577	-1224.3405	0.103132
2579	-1225.557	0.0913436
2581	-1226.6935	0.0804924
2583	-1227.86	0.117058
2585	-1229.0315	0.0760622
2587	-1230.1395	0.0971412
2589	-1231.0585	0.0862068
2591	-1231.9715	0.0665691
2593	-1232.9445	0.074413
2595	-1233.77	0.0764428
2597	-1234.718	0.086673
2599	-1235.6615	0.0912041
2601	-1236.6165	0.0931294
2603	-1237.5725	0.0798314
2605	-1238.5045	0.0957596
2607	-1239.4415	0.0938015
2609	-1240.383	0.0881042
2611	-1241.329	0.109882
2613	-1242.3075	0.141033
2615	-1243.307	0.156246
2617	-1244.2985	0.221989
2619	-1245.285	0.244113
2621	-1246.1385	0.245375
2623	-1247.006	0.221942
2625	-1247.8655	0.261051
2627	-1248.7245	0.264765
2629	-1250.024	0.312646
2631	-1251.4245	0.230688
2633	-1252.819	0.201058
2635	-1254.192	0.173608
2637	-1255.8925	0.227297
2639	-1257.6955	0.245064
2641	-1259.517	0.294041
2643	-1261.318	0.283103
2645	-1262.943	0.242777
2647	-1264.512	0.223092
2649	-1266.097	0.217259
2651	-1267.689	0.189034
2653	-1270.5795	0.148071
2655	-1274.2175	0.147109
2657	-1277.8795	0.149948
2659	-1281.541	0.168386
2661	-1284.194	0.181473
2663	-1286.119	0.123324
2665	-1288.078	0.133756
2667	-1290.0115	0.223782
2669	-1291.535	0.216434
2671	-1292.6695	0.205327
2673	-1293.801	0.159888
2675	-1294.938	0.213222
2677	-1296.0825	0.2369
2679	-1297.276	0.213507
2681	-1298.4775	0.226074
2683	-1299.6725	0.227722
2685	-1300.9065	0.197226
2687	-1302.262	0.165524
2689	-1303.6235	0.116215
2691	-1304.963	0.146647
2693	-1306.181	0.129867
2695	-1307.225	0.111171
2697	-1308.2825	0.0498739
2699	-1309.334	0.0852066
2701	-1310.3805	0.0659137
2703	-1311.4935	0.0771313
2705	-1312.596	0.0867914
2707	-1313.6965	0.071747
2709	-1314.809	0.0751874
2711	-1315.9515	0.0686001
2713	-1317.112	0.0703289
2715	-1318.256	0.0967472
2717	-1319.398	0.0841344
2719	-1320.4665	0.0650656
2721	-1321.542	0.104337
2723	-1322.6245	0.106089
2725	-1323.923	0.245222
2727	-1327.749	0.0713142
2729	-1332.2015	0.0835931
2731	-1336.0465	0.0804264
2733	-1339.461	0.0802664
2735	-1340.5865	0.111012
2737	-1341.943	0.105844
2739	-1343.337	0.0602226
2741	-1344.672	0.05749
2743	-1345.576	0.0617256
2745	-1346.4535	0.0475698
2747	-1347.332	0.046327
2749	-1348.2045	0.0337269
2751	-1349.0675	0.0315199
2753	-1349.9235	0.0256663
2755	-1350.785	0.0287304
2757	-1351.6455	0.0110571
2759	-1352.449	0.0165381
2761	-1353.246	0.016676
2763	-1354.033	0.0336629
2765	-1354.813	0.0228612
2767	-1355.655	0.018699
2769	-1356.5265	0.0202374
2771	-1357.397	0.0167714
2773	-1358.275	0.0135456
2775	-1359.098	0.0156538
2777	-1359.932	0.0169311
2779	-1360.7655	0.0122843
2781	-1361.605	0.0142572
2783	-1362.401	0.0166909
2785	-1363.183	0.0228847
2787	-1363.9595	0.0291455
